0.000000000000000000e+00	-2.072713024718987081e-30
3.999999999999998294e-05	-2.508657642028551815e-08
7.999999999999987102e-05	-2.034393507472964785e-06
1.199999999999997591e-04	-6.325550199199405453e-06
1.599999999999996607e-04	-1.371596914078958540e-05
1.999999999999995488e-04	-2.279411743743274961e-05
2.399999999999994369e-04	-3.124709220165078154e-05
2.800000000000003007e-04	-3.610065853238672616e-05
3.200000000000012730e-04	-3.541963620282294789e-05
3.600000000000022453e-04	-2.925755666746785661e-05
4.000000000000032176e-04	-1.945023814538654382e-05
4.400000000000041898e-04	-8.943439977943227370e-06
4.800000000000051621e-04	-1.970039599313404578e-07
5.200000000000061344e-04	5.705166184335113518e-06
5.600000000000071067e-04	8.828423654942066316e-06
6.000000000000080790e-04	1.031389382611056479e-05
6.400000000000090512e-04	1.100279998315586970e-05
6.800000000000100235e-04	1.206964248870477841e-05
7.200000000000109958e-04	1.267238925904479205e-05
7.600000000000119681e-04	1.335361299668547799e-05
8.000000000000129403e-04	1.367303017597298006e-05
8.400000000000139126e-04	1.383211064526918417e-05
8.800000000000148849e-04	1.364858393885000268e-05
9.200000000000158572e-04	1.317163299562235213e-05
9.600000000000168295e-04	1.243746401635286106e-05
1.000000000000015200e-03	1.158644490785173239e-05
1.040000000000011835e-03	1.086104487389238596e-05
1.080000000000008471e-03	1.015381105656189155e-05
1.120000000000005106e-03	9.382672594532931400e-06
1.160000000000001742e-03	8.482342665999400785e-06
1.199999999999998377e-03	7.261727435960447233e-06
1.239999999999995012e-03	6.065577496847189329e-06
1.279999999999991648e-03	4.881098604082906914e-06
1.319999999999988283e-03	3.884119404640534239e-06
1.359999999999984919e-03	2.991747783152820722e-06
1.399999999999981554e-03	2.252017109896362783e-06
1.439999999999978190e-03	1.597425525108470084e-06
1.479999999999974825e-03	1.003890968800600814e-06
1.519999999999971461e-03	5.435345113767986916e-07
1.559999999999968096e-03	2.203749886787357551e-07
1.599999999999964732e-03	3.539081631060705122e-08
1.639999999999961367e-03	-1.495080273948999517e-07
1.679999999999958003e-03	-4.192252044138492294e-07
1.719999999999954638e-03	-7.948420321114685845e-07
1.759999999999951274e-03	-1.218167217467185917e-06
1.799999999999947909e-03	-1.549568113307759689e-06
1.839999999999944544e-03	-1.697128603220893400e-06
1.879999999999941180e-03	-1.660532437044492582e-06
1.919999999999937815e-03	-1.531392730821136563e-06
1.959999999999935752e-03	-1.395299662139296314e-06
1.999999999999941061e-03	-1.322669320457222607e-06
2.039999999999946370e-03	-1.262587043631726171e-06
2.079999999999951679e-03	-1.181953597871888697e-06
2.119999999999956988e-03	-1.001471146993349850e-06
2.159999999999962297e-03	-7.927049550007103684e-07
2.199999999999967606e-03	-5.917363316430603811e-07
2.239999999999972916e-03	-4.660845088749229856e-07
2.279999999999978225e-03	-4.273903135985410502e-07
2.319999999999983534e-03	-4.090109464270819776e-07
2.359999999999988843e-03	-3.672714350546961964e-07
2.399999999999994152e-03	-2.431052883712925162e-07
2.439999999999999461e-03	-3.053801110379536980e-08
2.480000000000004770e-03	1.966475862153828054e-07
2.520000000000010079e-03	3.700074289134929025e-07
2.560000000000015388e-03	4.342865093723176154e-07
2.600000000000020697e-03	4.109381226090474099e-07
2.640000000000026006e-03	2.504182197442065221e-07
2.680000000000031316e-03	4.230533280054719074e-08
2.720000000000036625e-03	-2.410589375692131530e-07
2.760000000000041934e-03	-5.056951147929802208e-07
2.800000000000047243e-03	-7.509174549364984523e-07
2.840000000000052552e-03	-9.362669161298772444e-07
2.880000000000057861e-03	-1.062439278091761784e-06
2.920000000000063170e-03	-1.148151881381885560e-06
2.960000000000068479e-03	-1.162794587156428418e-06
3.000000000000073788e-03	-1.145068664873335325e-06
3.040000000000079097e-03	-1.090551385567964949e-06
3.080000000000084406e-03	-1.006050070137123121e-06
3.120000000000089715e-03	-9.267522839343954822e-07
3.160000000000095025e-03	-8.553587546335614647e-07
3.200000000000100334e-03	-8.070848488608360456e-07
3.240000000000105643e-03	-7.496448167131786942e-07
3.280000000000110952e-03	-6.688088315111649145e-07
3.320000000000116261e-03	-5.329178976870685830e-07
3.360000000000121570e-03	-3.409378885571721278e-07
3.400000000000126879e-03	-1.316277898621715648e-07
3.440000000000132188e-03	4.209092605603204911e-08
3.480000000000137497e-03	1.694622020433006722e-07
3.520000000000142806e-03	2.465228165291671686e-07
3.560000000000148115e-03	3.004628917667021791e-07
3.600000000000153424e-03	3.643978160826874350e-07
3.640000000000158734e-03	4.573276723408670273e-07
3.680000000000164043e-03	5.756987628056209862e-07
3.720000000000169352e-03	6.838312629384418063e-07
3.760000000000174661e-03	7.531566674690389709e-07
3.800000000000179970e-03	7.596779487650251808e-07
3.840000000000185279e-03	7.297611987715026448e-07
3.880000000000190588e-03	6.803056488056999869e-07
3.920000000000195897e-03	6.260303108937024123e-07
3.960000000000201206e-03	5.563543960586389666e-07
4.000000000000206515e-03	4.967387414141409559e-07
4.040000000000211824e-03	4.549168169075717062e-07
4.080000000000217134e-03	4.159408856428970393e-07
4.120000000000222443e-03	4.359871685714324333e-07
4.160000000000227752e-03	4.967617232861443651e-07
4.200000000000233061e-03	5.742706458273404672e-07
4.240000000000238370e-03	6.526302021576663749e-07
4.280000000000243679e-03	6.527647279798511789e-07
4.320000000000248988e-03	6.165800894009514479e-07
4.360000000000254297e-03	5.195854172160831945e-07
4.400000000000259606e-03	3.894036446810195351e-07
4.440000000000264915e-03	2.736266045984960752e-07
4.480000000000270224e-03	1.656280816958636739e-07
4.520000000000275533e-03	1.042240700670538643e-07
4.560000000000280843e-03	6.653996434919749913e-08
4.600000000000286152e-03	2.676378036334639633e-08
4.640000000000291461e-03	1.439255361277471951e-08
4.680000000000296770e-03	6.689259476258944031e-09
4.720000000000302079e-03	-1.294911554899506352e-08
4.760000000000307388e-03	-6.435633540877873060e-08
4.800000000000312697e-03	-9.098859206822458372e-08
4.840000000000318006e-03	-1.517657306240394641e-07
4.880000000000323315e-03	-2.000330452940575525e-07
4.920000000000328624e-03	-2.473423837202231205e-07
4.960000000000333933e-03	-2.894407333043283915e-07
5.000000000000339243e-03	-3.037050936090939265e-07
5.040000000000344552e-03	-3.178114955707912387e-07
5.080000000000349861e-03	-3.053020015068258367e-07
5.120000000000355170e-03	-3.116392418221866680e-07
5.160000000000360479e-03	-2.932341947358182685e-07
5.200000000000365788e-03	-2.623902207705728313e-07
5.240000000000371097e-03	-2.172270655481878529e-07
5.280000000000376406e-03	-1.721285264012408506e-07
5.320000000000381715e-03	-1.424908618762323705e-07
5.360000000000387024e-03	-9.348535878919593087e-08
5.400000000000392333e-03	-7.043247350831851407e-08
5.440000000000397642e-03	-5.398977846804524490e-08
5.480000000000402952e-03	-3.906962139853743238e-08
5.520000000000408261e-03	-2.565476834669776451e-08
5.560000000000413570e-03	-2.504086046542525584e-08
5.600000000000418879e-03	-3.358597530347523806e-08
5.640000000000424188e-03	-5.239087742940832852e-08
5.680000000000429497e-03	-8.497044603931630720e-08
5.720000000000434806e-03	-1.065280627387212025e-07
5.760000000000440115e-03	-1.211100336408913771e-07
5.800000000000445424e-03	-1.227962958121929945e-07
5.840000000000450733e-03	-1.142763386268084496e-07
5.880000000000456042e-03	-9.051177820023240687e-08
5.920000000000461352e-03	-6.696640648884718116e-08
5.960000000000466661e-03	-4.640958123060420251e-08
6.000000000000471970e-03	-3.071689247492063508e-08
6.040000000000477279e-03	-5.017241628025756408e-09
6.080000000000482588e-03	1.744919258814884585e-08
6.120000000000487897e-03	3.531133572547286863e-08
6.160000000000493206e-03	4.583475223228574959e-08
6.200000000000498515e-03	4.544074470532513673e-08
6.240000000000503824e-03	3.499344200530651221e-08
6.280000000000509133e-03	2.421368651501007428e-08
6.320000000000514442e-03	1.996358721795836578e-08
6.360000000000519751e-03	3.010311863541182343e-08
6.400000000000525061e-03	4.284987361157148514e-08
6.440000000000530370e-03	6.657088752700307606e-08
6.480000000000535679e-03	7.450347421710349221e-08
6.520000000000540988e-03	8.029596721080181012e-08
6.560000000000546297e-03	9.499506571258217222e-08
6.600000000000551606e-03	1.079653349487122859e-07
6.640000000000556915e-03	1.193465412094991396e-07
6.680000000000562224e-03	1.221574918873156183e-07
6.720000000000567533e-03	1.155829805770596616e-07
6.760000000000572842e-03	1.074871433022682906e-07
6.800000000000578151e-03	9.567865177290267239e-08
6.840000000000583461e-03	9.776974079728990957e-08
6.880000000000588770e-03	9.772381795333795780e-08
6.920000000000594079e-03	1.082856828552682968e-07
6.960000000000599388e-03	1.081443933703179093e-07
7.000000000000604697e-03	1.059299782173133527e-07
