0.000000000000000000e+00	-7.362712344558901181e-31
3.999999999999998294e-05	-2.932118255215461303e-08
7.999999999999987102e-05	-2.049247317607789145e-06
1.199999999999997591e-04	-6.331483145279035120e-06
1.599999999999996607e-04	-1.367612160354748560e-05
1.999999999999995488e-04	-2.276492611501686306e-05
2.399999999999994369e-04	-3.102283624828873731e-05
2.800000000000003007e-04	-3.563906320495952463e-05
3.200000000000012730e-04	-3.436215334877145306e-05
3.600000000000022453e-04	-2.751567140080242677e-05
4.000000000000032176e-04	-1.692178508615831790e-05
4.400000000000041898e-04	-6.068355711754735324e-06
4.800000000000051621e-04	2.441023872527942712e-06
5.200000000000061344e-04	7.395838446999705876e-06
5.600000000000071067e-04	9.117215361700440194e-06
6.000000000000080790e-04	9.130754168137239320e-06
6.400000000000090512e-04	8.667637997672857043e-06
6.800000000000100235e-04	9.253859866346530845e-06
7.200000000000109958e-04	9.788849915340714025e-06
7.600000000000119681e-04	1.080475458486630875e-05
8.000000000000129403e-04	1.150374142923963145e-05
8.400000000000139126e-04	1.205962401055173797e-05
8.800000000000148849e-04	1.213013560579617328e-05
9.200000000000158572e-04	1.184059965702195647e-05
9.600000000000168295e-04	1.131612180326096361e-05
1.000000000000015200e-03	1.041183200829077037e-05
1.040000000000011835e-03	9.611163740021158624e-06
1.080000000000008471e-03	8.709655552942690426e-06
1.120000000000005106e-03	7.968016211115582122e-06
1.160000000000001742e-03	7.268761100291152011e-06
1.199999999999998377e-03	6.552800651627490583e-06
1.239999999999995012e-03	5.877769544712781114e-06
1.279999999999991648e-03	5.195264110582125598e-06
1.319999999999988283e-03	4.633763787242151085e-06
1.359999999999984919e-03	4.094888406868085995e-06
1.399999999999981554e-03	3.701630179965822278e-06
1.439999999999978190e-03	3.295943386212915402e-06
1.479999999999974825e-03	2.845146299321872524e-06
1.519999999999971461e-03	2.278786509123002923e-06
1.559999999999968096e-03	1.602008691607026320e-06
1.599999999999964732e-03	9.723868715919634996e-07
1.639999999999961367e-03	4.352639947718750030e-07
1.679999999999958003e-03	3.880387094769978175e-08
1.719999999999954638e-03	-2.392122153720722160e-07
1.759999999999951274e-03	-5.084371162779267955e-07
1.799999999999947909e-03	-8.270507232499486890e-07
1.839999999999944544e-03	-1.173917213268178222e-06
1.879999999999941180e-03	-1.519390367971031698e-06
1.919999999999937815e-03	-1.718016311314082662e-06
1.959999999999935752e-03	-1.745343431666749120e-06
1.999999999999941061e-03	-1.645281315410001883e-06
2.039999999999946370e-03	-1.451762410207642535e-06
2.079999999999951679e-03	-1.238062323466623535e-06
2.119999999999956988e-03	-1.006352949120462814e-06
2.159999999999962297e-03	-7.777132345917079139e-07
2.199999999999967606e-03	-5.367814344123567949e-07
2.239999999999972916e-03	-2.896243274649662906e-07
2.279999999999978225e-03	-7.725051881196076049e-08
2.319999999999983534e-03	1.230961526572618707e-08
2.359999999999988843e-03	-5.967467886426229216e-08
2.399999999999994152e-03	-2.538588070665924448e-07
2.439999999999999461e-03	-4.660617513230297040e-07
2.480000000000004770e-03	-5.876431244229346047e-07
2.520000000000010079e-03	-6.319558680817035759e-07
2.560000000000015388e-03	-5.288852622552685573e-07
2.600000000000020697e-03	-3.177275726827615022e-07
2.640000000000026006e-03	-7.934410856879078371e-08
2.680000000000031316e-03	1.271192637348324379e-07
2.720000000000036625e-03	2.701432202311976327e-07
2.760000000000041934e-03	3.463176287804486055e-07
2.800000000000047243e-03	3.432536441052801504e-07
2.840000000000052552e-03	2.531067940925266350e-07
2.880000000000057861e-03	4.626204927069622527e-08
2.920000000000063170e-03	-2.059284127536430932e-07
2.960000000000068479e-03	-4.678234315414903438e-07
3.000000000000073788e-03	-6.656664902164799464e-07
3.040000000000079097e-03	-7.787432078278499641e-07
3.080000000000084406e-03	-7.484811463638754188e-07
3.120000000000089715e-03	-6.669042888903044855e-07
3.160000000000095025e-03	-5.637817490474793482e-07
3.200000000000100334e-03	-5.013584892820118465e-07
3.240000000000105643e-03	-5.021303816715282660e-07
3.280000000000110952e-03	-4.748183806820137362e-07
3.320000000000116261e-03	-4.395796779161812916e-07
3.360000000000121570e-03	-3.720921955986728421e-07
3.400000000000126879e-03	-3.067518730255369138e-07
3.440000000000132188e-03	-2.755521632549570896e-07
3.480000000000137497e-03	-2.991335054848953544e-07
3.520000000000142806e-03	-3.589943464315278199e-07
3.560000000000148115e-03	-3.543842599754819653e-07
3.600000000000153424e-03	-2.905297955593051119e-07
3.640000000000158734e-03	-1.434312992946021173e-07
3.680000000000164043e-03	-1.424942129578487392e-08
3.720000000000169352e-03	9.522961001743258772e-08
3.760000000000174661e-03	1.269677918710297202e-07
3.800000000000179970e-03	1.084187292909597044e-07
3.840000000000185279e-03	1.057600319266882519e-07
3.880000000000190588e-03	1.151193868225878120e-07
3.920000000000195897e-03	1.509396204917072034e-07
3.960000000000201206e-03	1.826924358288432542e-07
4.000000000000206515e-03	1.792141282527814391e-07
4.040000000000211824e-03	1.389847949814893598e-07
4.080000000000217134e-03	9.290419748034324824e-08
4.120000000000222443e-03	1.111214744072025844e-07
4.160000000000227752e-03	1.506794803930433943e-07
4.200000000000233061e-03	2.373191265882114319e-07
4.240000000000238370e-03	3.101483580704906449e-07
4.280000000000243679e-03	3.506688849332152982e-07
4.320000000000248988e-03	3.557623018984865324e-07
4.360000000000254297e-03	3.217284294551705467e-07
4.400000000000259606e-03	3.013171660808131279e-07
4.440000000000264915e-03	3.031904030008703626e-07
4.480000000000270224e-03	3.087095393270016071e-07
4.520000000000275533e-03	3.158360240025125952e-07
4.560000000000280843e-03	3.144444560216119063e-07
4.600000000000286152e-03	2.996051085280581367e-07
4.640000000000291461e-03	2.862488585930496404e-07
4.680000000000296770e-03	2.503212860928989610e-07
4.720000000000302079e-03	2.258115597222585610e-07
4.760000000000307388e-03	1.993767131891734701e-07
4.800000000000312697e-03	1.793597110095430933e-07
4.840000000000318006e-03	1.540093982391708971e-07
4.880000000000323315e-03	1.668224895719752867e-07
4.920000000000328624e-03	1.877689201839308418e-07
4.960000000000333933e-03	2.221057476295015713e-07
5.000000000000339243e-03	2.428908710219363099e-07
5.040000000000344552e-03	2.461359339056946604e-07
5.080000000000349861e-03	2.291210581378250745e-07
5.120000000000355170e-03	1.820910943619780305e-07
5.160000000000360479e-03	1.028177532879733799e-07
5.200000000000365788e-03	1.758062470974922171e-08
5.240000000000371097e-03	-8.539546308322011692e-08
5.280000000000376406e-03	-1.657476409833893441e-07
5.320000000000381715e-03	-2.458459401822425108e-07
5.360000000000387024e-03	-2.860052079462850740e-07
5.400000000000392333e-03	-2.983366478741490890e-07
5.440000000000397642e-03	-3.035213106308529286e-07
5.480000000000402952e-03	-2.914016384123062455e-07
5.520000000000408261e-03	-2.793906947751201597e-07
5.560000000000413570e-03	-2.472505222069882053e-07
5.600000000000418879e-03	-2.272072183340812567e-07
5.640000000000424188e-03	-1.960893624171859804e-07
5.680000000000429497e-03	-1.750172782642701907e-07
5.720000000000434806e-03	-1.476319677647311704e-07
5.760000000000440115e-03	-1.228389385387687982e-07
5.800000000000445424e-03	-7.925365311792297538e-08
5.840000000000450733e-03	-1.289422538447954919e-08
5.880000000000456042e-03	5.988449852669778086e-08
5.920000000000461352e-03	1.332443017457100772e-07
5.960000000000466661e-03	1.865588679865286233e-07
6.000000000000471970e-03	2.145231736692215545e-07
6.040000000000477279e-03	2.129188799917825533e-07
6.080000000000482588e-03	2.002645334897426713e-07
6.120000000000487897e-03	1.803782074838415368e-07
6.160000000000493206e-03	1.740584245736605135e-07
6.200000000000498515e-03	1.695847887463172802e-07
6.240000000000503824e-03	1.518558618867637742e-07
6.280000000000509133e-03	1.309546860357480424e-07
6.320000000000514442e-03	9.849077069047906809e-08
6.360000000000519751e-03	7.494942872762764816e-08
6.400000000000525061e-03	4.533276610625948041e-08
6.440000000000530370e-03	2.935432167179455491e-08
6.480000000000535679e-03	1.295808688979889158e-08
6.520000000000540988e-03	-5.215408840393759982e-09
6.560000000000546297e-03	-3.027503818898920734e-08
6.600000000000551606e-03	-5.784970480730695990e-08
6.640000000000556915e-03	-7.141894753318270823e-08
6.680000000000562224e-03	-8.186711238831775192e-08
6.720000000000567533e-03	-7.011458708581232576e-08
6.760000000000572842e-03	-7.745852448297788156e-08
6.800000000000578151e-03	-8.528749593645186989e-08
6.840000000000583461e-03	-9.790759526578888586e-08
6.880000000000588770e-03	-1.086205562461228079e-07
6.920000000000594079e-03	-1.137750196576001572e-07
6.960000000000599388e-03	-1.139961358742354340e-07
7.000000000000604697e-03	-1.022236511016304349e-07
