0.000000000000000000e+00	-9.941198706465674946e-31
3.999999999999998294e-05	-2.958755148801944782e-08
7.999999999999987102e-05	-2.048472444204001053e-06
1.199999999999997591e-04	-6.456450459744657903e-06
1.599999999999996607e-04	-1.422876297165949442e-05
1.999999999999995488e-04	-2.401626348974136637e-05
2.399999999999994369e-04	-3.349109268010701918e-05
2.800000000000003007e-04	-3.953576297376018708e-05
3.200000000000012730e-04	-3.972804755773141065e-05
3.600000000000022453e-04	-3.396254189810932975e-05
4.000000000000032176e-04	-2.392071010868493559e-05
4.400000000000041898e-04	-1.301855872487953185e-05
4.800000000000051621e-04	-3.871226971837230229e-06
5.200000000000061344e-04	1.900209618117389010e-06
5.600000000000071067e-04	4.538096957965653649e-06
6.000000000000080790e-04	5.278464392796894476e-06
6.400000000000090512e-04	5.265480445506070770e-06
6.800000000000100235e-04	6.042507585834274986e-06
7.200000000000109958e-04	6.485010957836504748e-06
7.600000000000119681e-04	7.283011381292124801e-06
8.000000000000129403e-04	7.578280523744181660e-06
8.400000000000139126e-04	7.887778962050532100e-06
8.800000000000148849e-04	7.892752509679933299e-06
9.200000000000158572e-04	7.865982850053134369e-06
9.600000000000168295e-04	7.933566833241914319e-06
1.000000000000015200e-03	7.994803352645919769e-06
1.040000000000011835e-03	8.389301704581313333e-06
1.080000000000008471e-03	8.609950836059530855e-06
1.120000000000005106e-03	8.984346241937594350e-06
1.160000000000001742e-03	9.140846016937060543e-06
1.199999999999998377e-03	9.265425648382643025e-06
1.239999999999995012e-03	9.427521033934965460e-06
1.279999999999991648e-03	9.543791314354079723e-06
1.319999999999988283e-03	9.873430284275896783e-06
1.359999999999984919e-03	1.004538740154027311e-05
1.399999999999981554e-03	1.013866422957689779e-05
1.439999999999978190e-03	1.000794806935078951e-05
1.479999999999974825e-03	9.721397636625841415e-06
1.519999999999971461e-03	9.329435312676283144e-06
1.559999999999968096e-03	8.995426422909335410e-06
1.599999999999964732e-03	8.716925594502789243e-06
1.639999999999961367e-03	8.394547668872637445e-06
1.679999999999958003e-03	8.087822998117766041e-06
1.719999999999954638e-03	7.623646679836677732e-06
1.759999999999951274e-03	7.280726269641552832e-06
1.799999999999947909e-03	6.968308844513158131e-06
1.839999999999944544e-03	6.802857732989554819e-06
1.879999999999941180e-03	6.741624264177273721e-06
1.919999999999937815e-03	6.584526645098727837e-06
1.959999999999935752e-03	6.347326720779635099e-06
1.999999999999941061e-03	5.904028738192893532e-06
2.039999999999946370e-03	5.218516090975333680e-06
2.079999999999951679e-03	4.363313650739892992e-06
2.119999999999956988e-03	3.402971003750371053e-06
2.159999999999962297e-03	2.395520984818423214e-06
2.199999999999967606e-03	1.323916306155217947e-06
2.239999999999972916e-03	3.070125824741966155e-07
2.279999999999978225e-03	-6.084871303926747165e-07
2.319999999999983534e-03	-1.437013816059482995e-06
2.359999999999988843e-03	-2.198101690382898450e-06
2.399999999999994152e-03	-2.939494602170999948e-06
2.439999999999999461e-03	-3.643437142100704570e-06
2.480000000000004770e-03	-4.273497295062925938e-06
2.520000000000010079e-03	-4.737850178409058780e-06
2.560000000000015388e-03	-4.940487713573515175e-06
2.600000000000020697e-03	-4.882946783605044379e-06
2.640000000000026006e-03	-4.642608329894007978e-06
2.680000000000031316e-03	-4.358660483166425238e-06
2.720000000000036625e-03	-4.153891597574766975e-06
2.760000000000041934e-03	-4.126414829356052315e-06
2.800000000000047243e-03	-4.232650324755721046e-06
2.840000000000052552e-03	-4.404196171325012356e-06
2.880000000000057861e-03	-4.555227811782634098e-06
2.920000000000063170e-03	-4.615609080459515606e-06
2.960000000000068479e-03	-4.609942143982388591e-06
3.000000000000073788e-03	-4.573043475603925530e-06
3.040000000000079097e-03	-4.554044060108989521e-06
3.080000000000084406e-03	-4.494293843643874751e-06
3.120000000000089715e-03	-4.413642403809006412e-06
3.160000000000095025e-03	-4.281121082687436274e-06
3.200000000000100334e-03	-4.053440213061746257e-06
3.240000000000105643e-03	-3.813750782294584710e-06
3.280000000000110952e-03	-3.487614136826066236e-06
3.320000000000116261e-03	-3.202083239739292567e-06
3.360000000000121570e-03	-2.899641886522664065e-06
3.400000000000126879e-03	-2.587793266503093474e-06
3.440000000000132188e-03	-2.267174086174701701e-06
3.480000000000137497e-03	-1.898620301395325705e-06
3.520000000000142806e-03	-1.511813876617103327e-06
3.560000000000148115e-03	-1.086992464959871407e-06
3.600000000000153424e-03	-6.764665562647254528e-07
3.640000000000158734e-03	-2.812662372793333986e-07
3.680000000000164043e-03	6.611554201915966109e-08
3.720000000000169352e-03	3.653598491630387732e-07
3.760000000000174661e-03	6.505930645322947757e-07
3.800000000000179970e-03	8.397091138592708841e-07
3.840000000000185279e-03	1.033467153853517300e-06
3.880000000000190588e-03	1.130799546700624026e-06
3.920000000000195897e-03	1.249573946897292923e-06
3.960000000000201206e-03	1.330045511284811226e-06
4.000000000000206515e-03	1.408391007904125324e-06
4.040000000000211824e-03	1.539928885458075343e-06
4.080000000000217134e-03	1.701548906273807306e-06
4.120000000000222443e-03	1.921118992999107532e-06
4.160000000000227752e-03	2.072472699997181633e-06
4.200000000000233061e-03	2.272138629742161023e-06
4.240000000000238370e-03	2.384368868189597875e-06
4.280000000000243679e-03	2.519740560126256140e-06
4.320000000000248988e-03	2.585407081076150817e-06
4.360000000000254297e-03	2.611965172510097659e-06
4.400000000000259606e-03	2.609299800183269833e-06
4.440000000000264915e-03	2.452064343478510226e-06
4.480000000000270224e-03	2.291526961346210179e-06
4.520000000000275533e-03	2.042675411245683389e-06
4.560000000000280843e-03	1.833949216355179492e-06
4.600000000000286152e-03	1.652662269543836129e-06
4.640000000000291461e-03	1.458309073915305139e-06
4.680000000000296770e-03	1.285221465509446944e-06
4.720000000000302079e-03	1.033576420367322778e-06
4.760000000000307388e-03	8.087419656393730351e-07
4.800000000000312697e-03	5.066174537004258824e-07
4.840000000000318006e-03	3.347008925780705049e-07
4.880000000000323315e-03	1.768607351763269044e-07
4.920000000000328624e-03	1.239427907575912371e-07
4.960000000000333933e-03	1.308913539316378676e-07
5.000000000000339243e-03	1.456123296396823220e-07
5.040000000000344552e-03	2.563528362520525536e-07
5.080000000000349861e-03	3.393370888783640521e-07
5.120000000000355170e-03	4.888943495253986874e-07
5.160000000000360479e-03	6.220437931908324714e-07
5.200000000000365788e-03	7.481633234528898104e-07
5.240000000000371097e-03	8.118369726908168544e-07
5.280000000000376406e-03	7.844126413352723354e-07
5.320000000000381715e-03	6.522121638641443359e-07
5.360000000000387024e-03	4.119655264772236819e-07
5.400000000000392333e-03	1.429810043554814800e-07
5.440000000000397642e-03	-1.787107261493351677e-07
5.480000000000402952e-03	-4.363551677362925635e-07
5.520000000000408261e-03	-6.550580371971367709e-07
5.560000000000413570e-03	-7.661064373018448642e-07
5.600000000000418879e-03	-8.078175936529092949e-07
5.640000000000424188e-03	-8.381202976393709705e-07
5.680000000000429497e-03	-8.163188072957115437e-07
5.720000000000434806e-03	-8.063677884541727764e-07
5.760000000000440115e-03	-7.913692551531206034e-07
5.800000000000445424e-03	-7.824397454347782914e-07
5.840000000000450733e-03	-7.405798529314288987e-07
5.880000000000456042e-03	-7.067723186927720609e-07
5.920000000000461352e-03	-6.935790664587218042e-07
5.960000000000466661e-03	-7.125837020206830898e-07
6.000000000000471970e-03	-7.801746107974368102e-07
6.040000000000477279e-03	-8.419607048166213041e-07
6.080000000000482588e-03	-9.327776526764134311e-07
6.120000000000487897e-03	-9.669589976893946487e-07
6.160000000000493206e-03	-9.601993155619192075e-07
6.200000000000498515e-03	-8.947551907299515749e-07
6.240000000000503824e-03	-8.044729416774759873e-07
6.280000000000509133e-03	-6.854122277827644544e-07
6.320000000000514442e-03	-5.809321422119161448e-07
6.360000000000519751e-03	-4.788930966279457873e-07
6.400000000000525061e-03	-4.067071875746446548e-07
6.440000000000530370e-03	-3.467734515879637902e-07
6.480000000000535679e-03	-3.137901591013771387e-07
6.520000000000540988e-03	-2.790735730762767075e-07
6.560000000000546297e-03	-2.431655412593380339e-07
6.600000000000551606e-03	-2.081470966685933289e-07
6.640000000000556915e-03	-1.763772897051010704e-07
6.680000000000562224e-03	-1.387274920691689289e-07
6.720000000000567533e-03	-9.733996613898303792e-08
6.760000000000572842e-03	-5.387558358217375993e-08
6.800000000000578151e-03	-9.183431072148908534e-09
6.840000000000583461e-03	6.592469185257438947e-08
6.880000000000588770e-03	1.236203090210147820e-07
6.920000000000594079e-03	1.850117259569030179e-07
6.960000000000599388e-03	2.138857866253252810e-07
7.000000000000604697e-03	2.456452616306916211e-07
