0.000000000000000000e+00	-2.931419517896167266e-30
3.999999999999998294e-05	-2.960675609439348729e-08
7.999999999999987102e-05	-2.048692689661040206e-06
1.199999999999997591e-04	-6.322903036595058070e-06
1.599999999999996607e-04	-1.364295214814509010e-05
1.999999999999995488e-04	-2.259367928789703851e-05
2.399999999999994369e-04	-3.065432552621155855e-05
2.800000000000003007e-04	-3.500828160894575811e-05
3.200000000000012730e-04	-3.340810767436181355e-05
3.600000000000022453e-04	-2.631865297081806228e-05
4.000000000000032176e-04	-1.575659759872258858e-05
4.400000000000041898e-04	-5.247799542626016852e-06
4.800000000000051621e-04	2.524964616588474805e-06
5.200000000000061344e-04	6.518475385450516816e-06
5.600000000000071067e-04	7.306457358363576139e-06
6.000000000000080790e-04	6.589209770893491036e-06
6.400000000000090512e-04	5.717485970540234681e-06
6.800000000000100235e-04	6.180593881036964406e-06
7.200000000000109958e-04	6.767046049902488443e-06
7.600000000000119681e-04	7.779551792349349057e-06
8.000000000000129403e-04	8.341320468768531840e-06
8.400000000000139126e-04	8.612433349188052822e-06
8.800000000000148849e-04	8.592321664088231725e-06
9.200000000000158572e-04	8.332219103559515214e-06
9.600000000000168295e-04	8.289145661923364496e-06
1.000000000000015200e-03	8.281926602481684769e-06
1.040000000000011835e-03	8.671929717560168349e-06
1.080000000000008471e-03	9.165941339474262977e-06
1.120000000000005106e-03	9.664233290575435220e-06
1.160000000000001742e-03	9.937082775451928495e-06
1.199999999999998377e-03	9.801034359008729171e-06
1.239999999999995012e-03	9.194830821118330855e-06
1.279999999999991648e-03	8.128052254161905230e-06
1.319999999999988283e-03	6.868094156122707884e-06
1.359999999999984919e-03	5.554620285372607186e-06
1.399999999999981554e-03	4.449834693519338459e-06
1.439999999999978190e-03	3.588612497761108816e-06
1.479999999999974825e-03	2.938237793176572772e-06
1.519999999999971461e-03	2.540311771664438988e-06
1.559999999999968096e-03	2.234510833473986687e-06
1.599999999999964732e-03	2.062949079605260972e-06
1.639999999999961367e-03	1.972012382269619639e-06
1.679999999999958003e-03	1.971180476882291732e-06
1.719999999999954638e-03	2.002282515037912001e-06
1.759999999999951274e-03	1.985251699541805989e-06
1.799999999999947909e-03	1.880272495255045948e-06
1.839999999999944544e-03	1.711641406124139995e-06
1.879999999999941180e-03	1.449774259171023134e-06
1.919999999999937815e-03	1.224408707699665531e-06
1.959999999999935752e-03	9.264186671403856411e-07
1.999999999999941061e-03	6.162932823217233518e-07
2.039999999999946370e-03	2.734610535511241805e-07
2.079999999999951679e-03	-1.759697984150898079e-08
2.119999999999956988e-03	-2.129329271534474215e-07
2.159999999999962297e-03	-2.415921265076642380e-07
2.199999999999967606e-03	-1.060066846722723778e-07
2.239999999999972916e-03	7.276533294304053528e-08
2.279999999999978225e-03	1.497682112173167508e-07
2.319999999999983534e-03	6.076170504107131769e-08
2.359999999999988843e-03	-3.163452055162861365e-07
2.399999999999994152e-03	-8.598298411450528532e-07
2.439999999999999461e-03	-1.478309889683777169e-06
2.480000000000004770e-03	-2.019884055110865387e-06
2.520000000000010079e-03	-2.354024687934841161e-06
2.560000000000015388e-03	-2.434361506431643178e-06
2.600000000000020697e-03	-2.255562958412839351e-06
2.640000000000026006e-03	-1.864261875393971294e-06
2.680000000000031316e-03	-1.392018072288604124e-06
2.720000000000036625e-03	-8.865001715341168367e-07
2.760000000000041934e-03	-4.833789088776192414e-07
2.800000000000047243e-03	-2.143843032371225688e-07
2.840000000000052552e-03	-1.218497914902328968e-07
2.880000000000057861e-03	-1.440768680632560479e-07
2.920000000000063170e-03	-3.042709549939651889e-07
2.960000000000068479e-03	-4.563183298455242484e-07
3.000000000000073788e-03	-6.466020621102383158e-07
3.040000000000079097e-03	-8.087552773073010821e-07
3.080000000000084406e-03	-8.854920460340784454e-07
3.120000000000089715e-03	-9.842112835690250793e-07
3.160000000000095025e-03	-1.008767989460890542e-06
3.200000000000100334e-03	-1.064254705888072579e-06
3.240000000000105643e-03	-1.108414678843879165e-06
3.280000000000110952e-03	-1.134175016519306670e-06
3.320000000000116261e-03	-1.171449334030892712e-06
3.360000000000121570e-03	-1.172729357979798046e-06
3.400000000000126879e-03	-1.207262570005554661e-06
3.440000000000132188e-03	-1.234625607087163963e-06
3.480000000000137497e-03	-1.295541440362075352e-06
3.520000000000142806e-03	-1.336420149806955752e-06
3.560000000000148115e-03	-1.352845935638972928e-06
3.600000000000153424e-03	-1.320974636785871912e-06
3.640000000000158734e-03	-1.202788796646001707e-06
3.680000000000164043e-03	-1.086395325607576279e-06
3.720000000000169352e-03	-9.456078982956316047e-07
3.760000000000174661e-03	-8.146485244641245550e-07
3.800000000000179970e-03	-6.502163224958217013e-07
3.840000000000185279e-03	-4.414889466599480452e-07
3.880000000000190588e-03	-1.674997199304262236e-07
3.920000000000195897e-03	1.519118233572778194e-07
3.960000000000201206e-03	4.865221702817857081e-07
4.000000000000206515e-03	7.513908177018806758e-07
4.040000000000211824e-03	9.796981703118866867e-07
4.080000000000217134e-03	1.127768778851354993e-06
4.120000000000222443e-03	1.254376164557610201e-06
4.160000000000227752e-03	1.345966977606812147e-06
4.200000000000233061e-03	1.414557391367157543e-06
4.240000000000238370e-03	1.448903018924522009e-06
4.280000000000243679e-03	1.400399680326157736e-06
4.320000000000248988e-03	1.309133664334648980e-06
4.360000000000254297e-03	1.172339176379385848e-06
4.400000000000259606e-03	1.060818739988916866e-06
4.440000000000264915e-03	9.427532820660582354e-07
4.480000000000270224e-03	8.599758502025052316e-07
4.520000000000275533e-03	7.889470627074023356e-07
4.560000000000280843e-03	7.067351844644516578e-07
4.600000000000286152e-03	6.022083688798299569e-07
4.640000000000291461e-03	4.709363040026073727e-07
4.680000000000296770e-03	3.263106993971787876e-07
4.720000000000302079e-03	1.783887032641938161e-07
4.760000000000307388e-03	4.605289537988343594e-08
4.800000000000312697e-03	-3.373028712969532952e-08
4.840000000000318006e-03	-6.905860753430895254e-08
4.880000000000323315e-03	-2.617539736579989208e-08
4.920000000000328624e-03	7.766485343168806227e-08
4.960000000000333933e-03	2.076543954083082267e-07
5.000000000000339243e-03	3.517742185754726299e-07
5.040000000000344552e-03	4.595893691210480379e-07
5.080000000000349861e-03	5.200167727391915286e-07
5.120000000000355170e-03	4.936875701542292896e-07
5.160000000000360479e-03	4.274450892298540954e-07
5.200000000000365788e-03	3.405263669221664560e-07
5.240000000000371097e-03	2.637123389388333535e-07
5.280000000000376406e-03	2.148130521159851571e-07
5.320000000000381715e-03	1.721491187767748396e-07
5.360000000000387024e-03	1.356075718829169534e-07
5.400000000000392333e-03	7.829876371903968367e-08
5.440000000000397642e-03	5.713574320919541491e-10
5.480000000000402952e-03	-8.008969373583304174e-08
5.520000000000408261e-03	-1.460578846489549008e-07
5.560000000000413570e-03	-1.774793511048983336e-07
5.600000000000418879e-03	-2.023105824257776115e-07
5.640000000000424188e-03	-2.360829064828656241e-07
5.680000000000429497e-03	-3.056190928660747192e-07
5.720000000000434806e-03	-3.810876626719684646e-07
5.760000000000440115e-03	-4.615910708268359856e-07
5.800000000000445424e-03	-5.159216173579764187e-07
5.840000000000450733e-03	-5.345989608749159702e-07
5.880000000000456042e-03	-5.177399388864581646e-07
5.920000000000461352e-03	-4.773073279609639299e-07
5.960000000000466661e-03	-4.517113587171282843e-07
6.000000000000471970e-03	-4.385515682702017530e-07
6.040000000000477279e-03	-4.392216514482827559e-07
6.080000000000482588e-03	-4.333215208046509389e-07
6.120000000000487897e-03	-4.055621831853660841e-07
6.160000000000493206e-03	-3.679037500712438914e-07
6.200000000000498515e-03	-3.164021830476703578e-07
6.240000000000503824e-03	-2.557891592025619036e-07
6.280000000000509133e-03	-1.992399768048783095e-07
6.320000000000514442e-03	-1.613581361534929563e-07
6.360000000000519751e-03	-1.157551239074846591e-07
6.400000000000525061e-03	-8.518454338101978646e-08
6.440000000000530370e-03	-5.862904086012134133e-08
6.480000000000535679e-03	-4.498737483123953938e-08
6.520000000000540988e-03	-3.645175386438670527e-08
6.560000000000546297e-03	-1.539676079439416921e-08
6.600000000000551606e-03	7.014625087924665931e-09
6.640000000000556915e-03	5.283166785912298196e-08
6.680000000000562224e-03	1.065656730925220783e-07
6.720000000000567533e-03	1.544959990109906815e-07
6.760000000000572842e-03	1.832842647494739093e-07
6.800000000000578151e-03	2.023698084667486084e-07
6.840000000000583461e-03	1.833879961744526686e-07
6.880000000000588770e-03	1.606430558899349863e-07
6.920000000000594079e-03	1.446937826908897971e-07
6.960000000000599388e-03	1.311035183235136785e-07
7.000000000000604697e-03	1.174042181400528284e-07
