0.000000000000000000e+00	-1.363614789390841534e-29
3.999999999999998294e-05	-2.574878858821297729e-08
7.999999999999987102e-05	-2.033690834414264865e-06
1.199999999999997591e-04	-6.316348286049365947e-06
1.599999999999996607e-04	-1.364630486663225734e-05
1.999999999999995488e-04	-2.259386464139337032e-05
2.399999999999994369e-04	-3.068897440124419558e-05
2.800000000000003007e-04	-3.514293379407258037e-05
3.200000000000012730e-04	-3.394068777649468911e-05
3.600000000000022453e-04	-2.734440966831248168e-05
4.000000000000032176e-04	-1.719305634661882746e-05
4.400000000000041898e-04	-6.675317979986853902e-06
4.800000000000051621e-04	1.721458252595945617e-06
5.200000000000061344e-04	6.894993526968060053e-06
5.600000000000071067e-04	9.061769294948421097e-06
6.000000000000080790e-04	9.472397742622210709e-06
6.400000000000090512e-04	9.211499620133202412e-06
6.800000000000100235e-04	9.561515249942845505e-06
7.200000000000109958e-04	9.721856538141228064e-06
7.600000000000119681e-04	1.016763034328943912e-05
8.000000000000129403e-04	1.047089058681180096e-05
8.400000000000139126e-04	1.078964010095257006e-05
8.800000000000148849e-04	1.102237351564248326e-05
9.200000000000158572e-04	1.113700406052501491e-05
9.600000000000168295e-04	1.118376635338120357e-05
1.000000000000015200e-03	1.118744370193239507e-05
1.040000000000011835e-03	1.120631544836659151e-05
1.080000000000008471e-03	1.100821534164482371e-05
1.120000000000005106e-03	1.044286664170741567e-05
1.160000000000001742e-03	9.557017864528817642e-06
1.199999999999998377e-03	8.304959189771850492e-06
1.239999999999995012e-03	6.989132763699906793e-06
1.279999999999991648e-03	5.686010083621624465e-06
1.319999999999988283e-03	4.554459857202817531e-06
1.359999999999984919e-03	3.630239547726783894e-06
1.399999999999981554e-03	2.870087059497171089e-06
1.439999999999978190e-03	2.353595640581612703e-06
1.479999999999974825e-03	1.960414445503918211e-06
1.519999999999971461e-03	1.750216134734328930e-06
1.559999999999968096e-03	1.583459205354789802e-06
1.599999999999964732e-03	1.329181449589987733e-06
1.639999999999961367e-03	9.114530570351744698e-07
1.679999999999958003e-03	2.439112453132113250e-07
1.719999999999954638e-03	-5.107812104280177857e-07
1.759999999999951274e-03	-1.243618605000324080e-06
1.799999999999947909e-03	-1.750373550392083699e-06
1.839999999999944544e-03	-1.973596162475170969e-06
1.879999999999941180e-03	-2.019068327626004206e-06
1.919999999999937815e-03	-1.958420275151781662e-06
1.959999999999935752e-03	-1.892912083349656908e-06
1.999999999999941061e-03	-1.824675786190631665e-06
2.039999999999946370e-03	-1.692035489470429126e-06
2.079999999999951679e-03	-1.434928731697929262e-06
2.119999999999956988e-03	-1.087289274551338196e-06
2.159999999999962297e-03	-7.698966434194422755e-07
2.199999999999967606e-03	-5.307526824012898519e-07
2.239999999999972916e-03	-4.856364258620323671e-07
2.279999999999978225e-03	-5.576639136511181825e-07
2.319999999999983534e-03	-6.286298123998457586e-07
2.359999999999988843e-03	-6.003575993939776119e-07
2.399999999999994152e-03	-4.676254930417419112e-07
2.439999999999999461e-03	-2.848542006569369975e-07
2.480000000000004770e-03	-1.168895220057964016e-07
2.520000000000010079e-03	-1.503308012503281177e-08
2.560000000000015388e-03	3.076302023328001258e-09
2.600000000000020697e-03	-1.502786265639204549e-08
2.640000000000026006e-03	-5.473442497025625156e-08
2.680000000000031316e-03	-9.220820922383732832e-08
2.720000000000036625e-03	-1.882331066968120539e-07
2.760000000000041934e-03	-3.345194778849086235e-07
2.800000000000047243e-03	-5.517832950928348340e-07
2.840000000000052552e-03	-7.454031296300216363e-07
2.880000000000057861e-03	-8.633274267282340574e-07
2.920000000000063170e-03	-9.239092120487453891e-07
2.960000000000068479e-03	-8.785107534572407479e-07
3.000000000000073788e-03	-8.019524666683317095e-07
3.040000000000079097e-03	-6.925114327391728356e-07
3.080000000000084406e-03	-6.003075211936850558e-07
3.120000000000089715e-03	-5.288012798763328801e-07
3.160000000000095025e-03	-4.537452856708477574e-07
3.200000000000100334e-03	-4.249201259990250681e-07
3.240000000000105643e-03	-3.995292939267311850e-07
3.280000000000110952e-03	-4.160232221311736699e-07
3.320000000000116261e-03	-4.860014188337955623e-07
3.360000000000121570e-03	-5.453173914406744768e-07
3.400000000000126879e-03	-6.016435422092210194e-07
3.440000000000132188e-03	-6.046562409396709110e-07
3.480000000000137497e-03	-5.609287189086243020e-07
3.520000000000142806e-03	-4.839569714303047258e-07
3.560000000000148115e-03	-3.904952986892498198e-07
3.600000000000153424e-03	-3.013421003960683890e-07
3.640000000000158734e-03	-1.844712121382091080e-07
3.680000000000164043e-03	-5.054175090711795390e-08
3.720000000000169352e-03	1.108300353546313224e-07
3.760000000000174661e-03	2.657802133533857654e-07
3.800000000000179970e-03	4.259815002993628793e-07
3.840000000000185279e-03	5.877385046624177955e-07
3.880000000000190588e-03	7.147171484553656149e-07
3.920000000000195897e-03	8.417146825970580940e-07
3.960000000000201206e-03	9.184507475281757904e-07
4.000000000000206515e-03	9.442481897580278864e-07
4.040000000000211824e-03	9.091681623332684325e-07
4.080000000000217134e-03	8.260174810382490452e-07
4.120000000000222443e-03	7.304624865511046321e-07
4.160000000000227752e-03	6.679724291090114878e-07
4.200000000000233061e-03	6.424436618647858776e-07
4.240000000000238370e-03	6.917809670862440263e-07
4.280000000000243679e-03	7.551055740574919132e-07
4.320000000000248988e-03	8.366124950562045235e-07
4.360000000000254297e-03	8.826743122087393320e-07
4.400000000000259606e-03	8.946900166167196909e-07
4.440000000000264915e-03	8.635699270930799704e-07
4.480000000000270224e-03	7.955252149377974313e-07
4.520000000000275533e-03	7.028565324469387890e-07
4.560000000000280843e-03	5.909598707238216792e-07
4.600000000000286152e-03	4.644159850480396518e-07
4.640000000000291461e-03	3.197362041693404918e-07
4.680000000000296770e-03	1.750292892038253907e-07
4.720000000000302079e-03	4.393799151120325981e-09
4.760000000000307388e-03	-1.603911498858820683e-07
4.800000000000312697e-03	-3.233771788788239549e-07
4.840000000000318006e-03	-4.829410649693437144e-07
4.880000000000323315e-03	-5.921998310537408967e-07
4.920000000000328624e-03	-6.492197460149627488e-07
4.960000000000333933e-03	-6.467568477024816396e-07
5.000000000000339243e-03	-5.838432165964735985e-07
5.040000000000344552e-03	-4.859198391923235401e-07
5.080000000000349861e-03	-3.853723230906020571e-07
5.120000000000355170e-03	-2.992549870397813998e-07
5.160000000000360479e-03	-2.664581501203230197e-07
5.200000000000365788e-03	-2.514262600026285627e-07
5.240000000000371097e-03	-2.515990680468644375e-07
5.280000000000376406e-03	-2.521265624230244974e-07
5.320000000000381715e-03	-2.575529036611090257e-07
5.360000000000387024e-03	-2.538508863731604687e-07
5.400000000000392333e-03	-2.563066020953895738e-07
5.440000000000397642e-03	-2.526672085562678004e-07
5.480000000000402952e-03	-2.529144502878459378e-07
5.520000000000408261e-03	-2.550025553028460929e-07
5.560000000000413570e-03	-2.370426910744705060e-07
5.600000000000418879e-03	-2.294101308541889555e-07
5.640000000000424188e-03	-2.131164630582756279e-07
5.680000000000429497e-03	-1.928042982836079451e-07
5.720000000000434806e-03	-1.816199979376407202e-07
5.760000000000440115e-03	-1.415700765820562665e-07
5.800000000000445424e-03	-1.002089183458771172e-07
5.840000000000450733e-03	-6.923249660007920118e-08
5.880000000000456042e-03	-5.797762622159684013e-08
5.920000000000461352e-03	-5.100243794196030622e-08
5.960000000000466661e-03	-5.078915071911952458e-08
6.000000000000471970e-03	-2.987505099175844309e-08
6.040000000000477279e-03	1.559010441127681755e-09
6.080000000000482588e-03	6.179301051392340968e-08
6.120000000000487897e-03	1.123421500291510385e-07
6.160000000000493206e-03	1.550697081069142169e-07
6.200000000000498515e-03	1.995678971580019535e-07
6.240000000000503824e-03	2.334323582247132058e-07
6.280000000000509133e-03	2.568839288512926919e-07
6.320000000000514442e-03	2.950953452115866503e-07
6.360000000000519751e-03	3.168963344150651244e-07
6.400000000000525061e-03	3.137141361127361574e-07
6.440000000000530370e-03	2.928844659549576601e-07
6.480000000000535679e-03	2.585418870034335542e-07
6.520000000000540988e-03	2.132760139325331719e-07
6.560000000000546297e-03	1.639034865225609871e-07
6.600000000000551606e-03	1.229254144000016646e-07
6.640000000000556915e-03	9.293151371030023838e-08
6.680000000000562224e-03	5.597571205043560932e-08
6.720000000000567533e-03	1.563523028588926126e-08
6.760000000000572842e-03	-5.892082342107332636e-09
6.800000000000578151e-03	-2.256321374394783321e-08
6.840000000000583461e-03	-2.263489751159067902e-08
6.880000000000588770e-03	-1.162322827072548345e-08
6.920000000000594079e-03	3.708619387880141988e-10
6.960000000000599388e-03	1.101776255234017770e-08
7.000000000000604697e-03	1.210060760504811382e-08
