0.000000000000000000e+00	-3.883137019841224624e-30
3.999999999999998294e-05	-3.125584834592393111e-08
7.999999999999987102e-05	-2.041608817410462186e-06
1.199999999999997591e-04	-6.320168570431748133e-06
1.599999999999996607e-04	-1.364510952886905481e-05
1.999999999999995488e-04	-2.261145938322857437e-05
2.399999999999994369e-04	-3.064493968399285595e-05
2.800000000000003007e-04	-3.501282426044524025e-05
3.200000000000012730e-04	-3.338057877788892612e-05
3.600000000000022453e-04	-2.618752296610040228e-05
4.000000000000032176e-04	-1.536152416506233114e-05
4.400000000000041898e-04	-4.400748263159481390e-06
4.800000000000051621e-04	3.973432546221412768e-06
5.200000000000061344e-04	8.569785181222590114e-06
5.600000000000071067e-04	9.715218419678293575e-06
6.000000000000080790e-04	9.031363295090649455e-06
6.400000000000090512e-04	7.762022363533228721e-06
6.800000000000100235e-04	7.476936348275675842e-06
7.200000000000109958e-04	7.225780744886260685e-06
7.600000000000119681e-04	7.508179637081113671e-06
8.000000000000129403e-04	7.671433225265242092e-06
8.400000000000139126e-04	7.766252413917780251e-06
8.800000000000148849e-04	7.789179771162643343e-06
9.200000000000158572e-04	7.543603188900749443e-06
9.600000000000168295e-04	7.389250404936115196e-06
1.000000000000015200e-03	7.089452150084646452e-06
1.040000000000011835e-03	7.060467569719317301e-06
1.080000000000008471e-03	7.099900917148159860e-06
1.120000000000005106e-03	7.309118786859885186e-06
1.160000000000001742e-03	7.559707964843408812e-06
1.199999999999998377e-03	7.622882288137768657e-06
1.239999999999995012e-03	7.595271699224836299e-06
1.279999999999991648e-03	7.251100181443754249e-06
1.319999999999988283e-03	6.832989162955599616e-06
1.359999999999984919e-03	6.238707198040147818e-06
1.399999999999981554e-03	5.641644982169367016e-06
1.439999999999978190e-03	5.164966576474072039e-06
1.479999999999974825e-03	4.710462894842496574e-06
1.519999999999971461e-03	4.375298385822930441e-06
1.559999999999968096e-03	4.050205983708726855e-06
1.599999999999964732e-03	3.796052766252317916e-06
1.639999999999961367e-03	3.440186972320653081e-06
1.679999999999958003e-03	3.003853263371873430e-06
1.719999999999954638e-03	2.356841424459262909e-06
1.759999999999951274e-03	1.600137106178996132e-06
1.799999999999947909e-03	7.229424284885740635e-07
1.839999999999944544e-03	-5.728127316178087049e-08
1.879999999999941180e-03	-6.861926151710311874e-07
1.919999999999937815e-03	-1.074601019514515597e-06
1.959999999999935752e-03	-1.161593404591025736e-06
1.999999999999941061e-03	-1.176305906307394081e-06
2.039999999999946370e-03	-1.066963649086972570e-06
2.079999999999951679e-03	-1.012705405895731070e-06
2.119999999999956988e-03	-9.489405008116388150e-07
2.159999999999962297e-03	-9.393189784930160247e-07
2.199999999999967606e-03	-9.447070570893778696e-07
2.239999999999972916e-03	-9.383280603920650971e-07
2.279999999999978225e-03	-9.218107023347417819e-07
2.319999999999983534e-03	-8.919671919064192614e-07
2.359999999999988843e-03	-8.527964649820293503e-07
2.399999999999994152e-03	-7.488461725517182150e-07
2.439999999999999461e-03	-6.421369019970277514e-07
2.480000000000004770e-03	-5.077617231264172241e-07
2.520000000000010079e-03	-4.249003242883405076e-07
2.560000000000015388e-03	-3.801144673822313316e-07
2.600000000000020697e-03	-3.572317275479547138e-07
2.640000000000026006e-03	-4.068626659104438032e-07
2.680000000000031316e-03	-4.511530900960702110e-07
2.720000000000036625e-03	-5.046757632610125404e-07
2.760000000000041934e-03	-5.874131330712644552e-07
2.800000000000047243e-03	-6.679432832708941416e-07
2.840000000000052552e-03	-8.003350156975792258e-07
2.880000000000057861e-03	-9.044291959109273931e-07
2.920000000000063170e-03	-9.851004561624446798e-07
2.960000000000068479e-03	-1.037781637207248661e-06
3.000000000000073788e-03	-9.944937386570903753e-07
3.040000000000079097e-03	-9.494422848433558023e-07
3.080000000000084406e-03	-7.955039820095448851e-07
3.120000000000089715e-03	-6.567047831010337559e-07
3.160000000000095025e-03	-4.933951268731269742e-07
3.200000000000100334e-03	-3.321295564975687270e-07
3.240000000000105643e-03	-2.137267694256252692e-07
3.280000000000110952e-03	-1.159312095667311084e-07
3.320000000000116261e-03	-1.230888557849195991e-07
3.360000000000121570e-03	-1.528742647181446564e-07
3.400000000000126879e-03	-2.504525859918981628e-07
3.440000000000132188e-03	-3.661494250046621869e-07
3.480000000000137497e-03	-4.686364102369691071e-07
3.520000000000142806e-03	-5.585390291394931400e-07
3.560000000000148115e-03	-5.659651725549765573e-07
3.600000000000153424e-03	-5.406075821720353943e-07
3.640000000000158734e-03	-4.579388041316383290e-07
3.680000000000164043e-03	-3.399867310982233857e-07
3.720000000000169352e-03	-2.404742140740057139e-07
3.760000000000174661e-03	-1.521318905423232736e-07
3.800000000000179970e-03	-1.231999370547819100e-07
3.840000000000185279e-03	-1.137049683402515743e-07
3.880000000000190588e-03	-1.497776250976475157e-07
3.920000000000195897e-03	-1.463361604655452614e-07
3.960000000000201206e-03	-1.776035858890073838e-07
4.000000000000206515e-03	-2.129648152158652535e-07
4.040000000000211824e-03	-2.065567325210221637e-07
4.080000000000217134e-03	-2.296319280007344616e-07
4.120000000000222443e-03	-1.728919710989099543e-07
4.160000000000227752e-03	-9.479235404984074847e-08
4.200000000000233061e-03	3.945222969284745884e-08
4.240000000000238370e-03	1.861392156103924384e-07
4.280000000000243679e-03	3.080674713150730850e-07
4.320000000000248988e-03	3.828189365758762482e-07
4.360000000000254297e-03	4.114426520227181866e-07
4.400000000000259606e-03	3.935827866461474396e-07
4.440000000000264915e-03	3.755455071956137408e-07
4.480000000000270224e-03	3.616155974714531858e-07
4.520000000000275533e-03	3.227678532780593883e-07
4.560000000000280843e-03	3.153542653073759095e-07
4.600000000000286152e-03	2.876903292133093456e-07
4.640000000000291461e-03	2.733120486069699080e-07
4.680000000000296770e-03	2.764090248328723346e-07
4.720000000000302079e-03	3.038740079231966253e-07
4.760000000000307388e-03	3.569519413047842424e-07
4.800000000000312697e-03	4.086448396948818110e-07
4.840000000000318006e-03	4.695485564619276927e-07
4.880000000000323315e-03	4.861363565245109124e-07
4.920000000000328624e-03	5.347122262288254509e-07
4.960000000000333933e-03	5.353181209032812965e-07
5.000000000000339243e-03	5.761242021611248267e-07
5.040000000000344552e-03	5.927560236687322950e-07
5.080000000000349861e-03	5.830320843209226679e-07
5.120000000000355170e-03	5.488244023926614396e-07
5.160000000000360479e-03	4.745660579020498391e-07
5.200000000000365788e-03	4.109060801226353220e-07
5.240000000000371097e-03	3.521665017844629635e-07
5.280000000000376406e-03	3.103869583524075202e-07
5.320000000000381715e-03	2.765798517979058250e-07
5.360000000000387024e-03	2.462897573664581463e-07
5.400000000000392333e-03	2.046711355194880397e-07
5.440000000000397642e-03	1.265773419868845210e-07
5.480000000000402952e-03	5.217555847726918599e-08
5.520000000000408261e-03	-1.634623871036103398e-08
5.560000000000413570e-03	-7.916130795674314788e-08
5.600000000000418879e-03	-1.296250448520388311e-07
5.640000000000424188e-03	-1.965815642314167991e-07
5.680000000000429497e-03	-2.313376292031700449e-07
5.720000000000434806e-03	-2.662773496019068978e-07
5.760000000000440115e-03	-2.789244309541027705e-07
5.800000000000445424e-03	-2.603725260926147936e-07
5.840000000000450733e-03	-2.355277067461382558e-07
5.880000000000456042e-03	-1.905914459689231477e-07
5.920000000000461352e-03	-1.712005596291798458e-07
5.960000000000466661e-03	-1.561698147605488072e-07
6.000000000000471970e-03	-1.687825722232220263e-07
6.040000000000477279e-03	-1.764343932753630787e-07
6.080000000000482588e-03	-1.690831671250948314e-07
6.120000000000487897e-03	-1.760332101455100624e-07
6.160000000000493206e-03	-1.525094265331792248e-07
6.200000000000498515e-03	-1.518182381593038750e-07
6.240000000000503824e-03	-1.183488510702725916e-07
6.280000000000509133e-03	-9.405404340492889161e-08
6.320000000000514442e-03	-7.235425315427604504e-08
6.360000000000519751e-03	-1.896383841528274585e-08
6.400000000000525061e-03	2.086494336083641628e-08
6.440000000000530370e-03	5.136159940495980303e-08
6.480000000000535679e-03	5.223517954089788756e-08
6.520000000000540988e-03	4.620474885758113612e-08
6.560000000000546297e-03	1.750365698673257449e-08
6.600000000000551606e-03	-1.067046479475237929e-08
6.640000000000556915e-03	-2.831979173476452138e-08
6.680000000000562224e-03	-3.350727190274916043e-08
6.720000000000567533e-03	-3.080737327948804573e-08
6.760000000000572842e-03	-2.602245725595608821e-08
6.800000000000578151e-03	-2.428242600988128995e-08
6.840000000000583461e-03	-2.061294778098639724e-08
6.880000000000588770e-03	-2.990016670905872779e-08
6.920000000000594079e-03	-2.863434535812640126e-08
6.960000000000599388e-03	-2.426629284646126038e-08
7.000000000000604697e-03	-3.672504832407543598e-08
