0.000000000000000000e+00	-1.571072403619382005e-30
3.999999999999998294e-05	-2.701342668228325749e-08
7.999999999999987102e-05	-2.044403404322977821e-06
1.199999999999997591e-04	-6.334317766407848833e-06
1.599999999999996607e-04	-1.366824253598819574e-05
1.999999999999995488e-04	-2.262141066247100779e-05
2.399999999999994369e-04	-3.068229307049223349e-05
2.800000000000003007e-04	-3.504310163276172567e-05
3.200000000000012730e-04	-3.344614363966710732e-05
3.600000000000022453e-04	-2.638679936640435909e-05
4.000000000000032176e-04	-1.586599894550955818e-05
4.400000000000041898e-04	-5.286462020731899987e-06
4.800000000000051621e-04	2.692302895311138131e-06
5.200000000000061344e-04	7.111749075235381415e-06
5.600000000000071067e-04	8.408956508753673477e-06
6.000000000000080790e-04	8.046614387718083145e-06
6.400000000000090512e-04	7.383389473569723402e-06
6.800000000000100235e-04	7.677400207255606566e-06
7.200000000000109958e-04	7.937287555427462876e-06
7.600000000000119681e-04	8.557138248925299246e-06
8.000000000000129403e-04	8.869666720343041938e-06
8.400000000000139126e-04	9.107036637983758495e-06
8.800000000000148849e-04	9.162382532028854487e-06
9.200000000000158572e-04	8.968312443032161520e-06
9.600000000000168295e-04	8.798697008622921879e-06
1.000000000000015200e-03	8.581282390196922637e-06
1.040000000000011835e-03	8.586672894055331180e-06
1.080000000000008471e-03	8.799683491691953223e-06
1.120000000000005106e-03	8.995350252031384105e-06
1.160000000000001742e-03	9.179939197972972106e-06
1.199999999999998377e-03	9.023573196444959174e-06
1.239999999999995012e-03	8.481214288766348352e-06
1.279999999999991648e-03	7.586437664910907860e-06
1.319999999999988283e-03	6.463197624748219005e-06
1.359999999999984919e-03	5.311554370164699167e-06
1.399999999999981554e-03	4.200241682732532982e-06
1.439999999999978190e-03	3.400339431723723023e-06
1.479999999999974825e-03	2.790807204227577328e-06
1.519999999999971461e-03	2.434434602617309022e-06
1.559999999999968096e-03	2.148580822025298496e-06
1.599999999999964732e-03	1.864474683709623517e-06
1.639999999999961367e-03	1.588629265972923099e-06
1.679999999999958003e-03	1.255222046856969064e-06
1.719999999999954638e-03	9.718487596413304752e-07
1.759999999999951274e-03	6.407676235818834111e-07
1.799999999999947909e-03	3.978853162353803716e-07
1.839999999999944544e-03	1.321028103077294263e-07
1.879999999999941180e-03	-1.655939819473884622e-07
1.919999999999937815e-03	-4.467070435036467713e-07
1.959999999999935752e-03	-6.956156429687771500e-07
1.999999999999941061e-03	-8.988382671998703219e-07
2.039999999999946370e-03	-1.065567476766873542e-06
2.079999999999951679e-03	-1.138757576736553655e-06
2.119999999999956988e-03	-1.103227245541308394e-06
2.159999999999962297e-03	-9.356644736709933240e-07
2.199999999999967606e-03	-6.251550728268619545e-07
2.239999999999972916e-03	-2.419602836816517743e-07
2.279999999999978225e-03	1.477695654074948084e-07
2.319999999999983534e-03	3.756399700596605450e-07
2.359999999999988843e-03	3.775479084809088031e-07
2.399999999999994152e-03	1.946341605004975202e-07
2.439999999999999461e-03	-9.012688491459416097e-08
2.480000000000004770e-03	-3.424789000876627355e-07
2.520000000000010079e-03	-5.390048203165064176e-07
2.560000000000015388e-03	-6.715883576224445596e-07
2.600000000000020697e-03	-7.159001274836777652e-07
2.640000000000026006e-03	-7.534781524590713312e-07
2.680000000000031316e-03	-7.592419727741205309e-07
2.720000000000036625e-03	-7.370064170904552632e-07
2.760000000000041934e-03	-6.326128937271131565e-07
2.800000000000047243e-03	-4.893154796409669323e-07
2.840000000000052552e-03	-3.892206586462642666e-07
2.880000000000057861e-03	-3.785690353755194852e-07
2.920000000000063170e-03	-4.841920598073592486e-07
2.960000000000068479e-03	-6.273644906929086944e-07
3.000000000000073788e-03	-7.628420530360321492e-07
3.040000000000079097e-03	-8.193357113904856654e-07
3.080000000000084406e-03	-7.736882128494391700e-07
3.120000000000089715e-03	-6.721519562453948631e-07
3.160000000000095025e-03	-6.078034292250878628e-07
3.200000000000100334e-03	-5.950253764061214446e-07
3.240000000000105643e-03	-6.734989458904751233e-07
3.280000000000110952e-03	-7.518376311350203046e-07
3.320000000000116261e-03	-8.129051436329916405e-07
3.360000000000121570e-03	-7.906195263312039604e-07
3.400000000000126879e-03	-7.575722746349591546e-07
3.440000000000132188e-03	-7.282171776150846433e-07
3.480000000000137497e-03	-7.356305673191587544e-07
3.520000000000142806e-03	-7.866874866882691661e-07
3.560000000000148115e-03	-8.140964845502892693e-07
3.600000000000153424e-03	-7.977753770783087778e-07
3.640000000000158734e-03	-7.422770325858414246e-07
3.680000000000164043e-03	-6.766546333060300246e-07
3.720000000000169352e-03	-6.284526257680134411e-07
3.760000000000174661e-03	-6.042270573791662219e-07
3.800000000000179970e-03	-6.069590495911373800e-07
3.840000000000185279e-03	-5.644209126062970720e-07
3.880000000000190588e-03	-4.423822821003613747e-07
3.920000000000195897e-03	-2.228954939871647282e-07
3.960000000000201206e-03	-9.307704600548991131e-11
4.000000000000206515e-03	2.240371869470604405e-07
4.040000000000211824e-03	3.863008454352772676e-07
4.080000000000217134e-03	4.952707073838571049e-07
4.120000000000222443e-03	5.604493522002763324e-07
4.160000000000227752e-03	5.938696926470326968e-07
4.200000000000233061e-03	6.185716186252857096e-07
4.240000000000238370e-03	6.404932035241299706e-07
4.280000000000243679e-03	6.372551997909921142e-07
4.320000000000248988e-03	6.320303065079665854e-07
4.360000000000254297e-03	6.183960468603234588e-07
4.400000000000259606e-03	6.478440718278594634e-07
4.440000000000264915e-03	7.237365007752880955e-07
4.480000000000270224e-03	8.204514838405668012e-07
4.520000000000275533e-03	9.351020593132704837e-07
4.560000000000280843e-03	1.010839427248496706e-06
4.600000000000286152e-03	1.060801136814171207e-06
4.640000000000291461e-03	1.036615094271223621e-06
4.680000000000296770e-03	9.937035716151964771e-07
4.720000000000302079e-03	9.133610794494841387e-07
4.760000000000307388e-03	8.059419000740264834e-07
4.800000000000312697e-03	6.989217569040661422e-07
4.840000000000318006e-03	5.677094363391701089e-07
4.880000000000323315e-03	4.021674378852532717e-07
4.920000000000328624e-03	2.273954533484904852e-07
4.960000000000333933e-03	6.493102596680070500e-08
5.000000000000339243e-03	-8.531917012203455709e-08
5.040000000000344552e-03	-1.873109704347629793e-07
5.080000000000349861e-03	-2.334641288188254727e-07
5.120000000000355170e-03	-2.685059740076694274e-07
5.160000000000360479e-03	-2.951273356364686999e-07
5.200000000000365788e-03	-3.242413627943848346e-07
5.240000000000371097e-03	-3.521433518559942992e-07
5.280000000000376406e-03	-3.551174757139589017e-07
5.320000000000381715e-03	-3.486996726604879368e-07
5.360000000000387024e-03	-2.808374171705087044e-07
5.400000000000392333e-03	-2.197966680715232034e-07
5.440000000000397642e-03	-1.651038314266832019e-07
5.480000000000402952e-03	-1.079380513343180642e-07
5.520000000000408261e-03	-9.983058185803137013e-08
5.560000000000413570e-03	-9.603321120358617691e-08
5.600000000000418879e-03	-9.519002310670064584e-08
5.640000000000424188e-03	-8.615044599194309248e-08
5.680000000000429497e-03	-9.109095807958150955e-08
5.720000000000434806e-03	-1.035155178230703920e-07
5.760000000000440115e-03	-9.135459063254553864e-08
5.800000000000445424e-03	-8.833380334447819031e-08
5.840000000000450733e-03	-5.531584072392860564e-08
5.880000000000456042e-03	-1.509756133733338880e-08
5.920000000000461352e-03	4.209670312510582430e-08
5.960000000000466661e-03	7.611638496717383213e-08
6.000000000000471970e-03	8.351343698347813113e-08
6.040000000000477279e-03	7.286467382831439524e-08
6.080000000000482588e-03	2.774336212155120515e-08
6.120000000000487897e-03	4.348323211700672341e-09
6.160000000000493206e-03	-3.591183262941485738e-09
6.200000000000498515e-03	-1.635967679301444496e-08
6.240000000000503824e-03	-2.883130955774929975e-08
6.280000000000509133e-03	-5.990642725630922608e-08
6.320000000000514442e-03	-8.115250116927102636e-08
6.360000000000519751e-03	-1.180307204920810081e-07
6.400000000000525061e-03	-1.254026825217022954e-07
6.440000000000530370e-03	-1.269450012148849330e-07
6.480000000000535679e-03	-1.075200284354372000e-07
6.520000000000540988e-03	-1.128814138192365745e-07
6.560000000000546297e-03	-1.160364643901778887e-07
6.600000000000551606e-03	-1.230839209028868754e-07
6.640000000000556915e-03	-1.262714829750452030e-07
6.680000000000562224e-03	-1.056460566284738133e-07
6.720000000000567533e-03	-6.747834770961799008e-08
6.760000000000572842e-03	-2.617875965000571351e-08
6.800000000000578151e-03	-1.119872196951041275e-08
6.840000000000583461e-03	-6.831694814337562803e-09
6.880000000000588770e-03	-9.871319914194763995e-09
6.920000000000594079e-03	-1.114729013822312472e-08
6.960000000000599388e-03	-6.871338970277737612e-09
7.000000000000604697e-03	1.447249225041217358e-08
