0.000000000000000000e+00	-1.328313615086510771e-30
3.999999999999998294e-05	-2.804398439406083444e-08
7.999999999999987102e-05	-2.085095239789160630e-06
1.199999999999997591e-04	-6.594372893876292589e-06
1.599999999999996607e-04	-1.477850351713682885e-05
1.999999999999995488e-04	-2.538165484087537223e-05
2.399999999999994369e-04	-3.593059931293443360e-05
2.800000000000003007e-04	-4.286085936255183568e-05
3.200000000000012730e-04	-4.315533197846077633e-05
3.600000000000022453e-04	-3.626499160874641911e-05
4.000000000000032176e-04	-2.389865325150395022e-05
4.400000000000041898e-04	-9.808273601396575770e-06
4.800000000000051621e-04	2.409296102569254424e-06
5.200000000000061344e-04	1.060847139019926527e-05
5.600000000000071067e-04	1.457589451065429257e-05
6.000000000000080790e-04	1.569682508475571956e-05
6.400000000000090512e-04	1.560154502938145474e-05
6.800000000000100235e-04	1.603840340395588790e-05
7.200000000000109958e-04	1.628249021778614477e-05
7.600000000000119681e-04	1.664668917429509878e-05
8.000000000000129403e-04	1.647346059983666254e-05
8.400000000000139126e-04	1.591030514889062083e-05
8.800000000000148849e-04	1.496167517698247690e-05
9.200000000000158572e-04	1.381739439583584295e-05
9.600000000000168295e-04	1.274114268252365218e-05
1.000000000000015200e-03	1.155198982891252432e-05
1.040000000000011835e-03	1.051730001906741476e-05
1.080000000000008471e-03	9.413586463307663208e-06
1.120000000000005106e-03	8.480169250937539879e-06
1.160000000000001742e-03	7.672317740989574811e-06
1.199999999999998377e-03	6.962418245750912963e-06
1.239999999999995012e-03	6.232843737048442247e-06
1.279999999999991648e-03	5.256824497090824417e-06
1.319999999999988283e-03	4.096746360948473320e-06
1.359999999999984919e-03	2.777932967186291301e-06
1.399999999999981554e-03	1.512411120606754279e-06
1.439999999999978190e-03	5.329366800799976894e-07
1.479999999999974825e-03	-7.680571389094413862e-08
1.519999999999971461e-03	-3.784394644936374680e-07
1.559999999999968096e-03	-4.668781327782322288e-07
1.599999999999964732e-03	-5.742796686594372696e-07
1.639999999999961367e-03	-7.289840388446628865e-07
1.679999999999958003e-03	-8.852885711833516760e-07
1.719999999999954638e-03	-1.011105137668593646e-06
1.759999999999951274e-03	-1.050133314774456463e-06
1.799999999999947909e-03	-9.961365111061712069e-07
1.839999999999944544e-03	-9.408283939424068804e-07
1.879999999999941180e-03	-9.017942277671675983e-07
1.919999999999937815e-03	-8.901785849413036839e-07
1.959999999999935752e-03	-8.760020718974659813e-07
1.999999999999941061e-03	-8.159508362070749512e-07
2.039999999999946370e-03	-7.532201820571635960e-07
2.079999999999951679e-03	-6.820818547549183583e-07
2.119999999999956988e-03	-6.745368286679623853e-07
2.159999999999962297e-03	-7.241262638363164548e-07
2.199999999999967606e-03	-7.925222657266633346e-07
2.239999999999972916e-03	-8.429121079821752427e-07
2.279999999999978225e-03	-8.380888359550751943e-07
2.319999999999983534e-03	-7.123061872530255126e-07
2.359999999999988843e-03	-5.662912311723851172e-07
2.399999999999994152e-03	-4.102232109763610884e-07
2.439999999999999461e-03	-2.543194374089931270e-07
2.480000000000004770e-03	-1.509489527134052894e-07
2.520000000000010079e-03	-7.977448411785430373e-08
2.560000000000015388e-03	-4.563933651354166030e-08
2.600000000000020697e-03	-5.574982877726700347e-08
2.640000000000026006e-03	-9.838154590451029124e-08
2.680000000000031316e-03	-1.784280514715545057e-07
2.720000000000036625e-03	-2.958497431497069983e-07
2.760000000000041934e-03	-4.085032474408229031e-07
2.800000000000047243e-03	-5.262462243593544737e-07
2.840000000000052552e-03	-6.549019717442863925e-07
2.880000000000057861e-03	-7.532934279775273011e-07
2.920000000000063170e-03	-8.607912814769122745e-07
2.960000000000068479e-03	-9.266479315335033461e-07
3.000000000000073788e-03	-9.942483301137513661e-07
3.040000000000079097e-03	-1.069169446567359807e-06
3.080000000000084406e-03	-1.127598829904037311e-06
3.120000000000089715e-03	-1.166194710320572776e-06
3.160000000000095025e-03	-1.146879192937745614e-06
3.200000000000100334e-03	-1.014240163324506439e-06
3.240000000000105643e-03	-7.712678905464272204e-07
3.280000000000110952e-03	-4.242321871961701042e-07
3.320000000000116261e-03	-3.522154724529611646e-08
3.360000000000121570e-03	2.895240610256138812e-07
3.400000000000126879e-03	5.277986170836389057e-07
3.440000000000132188e-03	6.696076896707642856e-07
3.480000000000137497e-03	6.938927901262100641e-07
3.520000000000142806e-03	6.602210091763206275e-07
3.560000000000148115e-03	5.844341682068414535e-07
3.600000000000153424e-03	4.965408499985957097e-07
3.640000000000158734e-03	4.088185674301475972e-07
3.680000000000164043e-03	3.264853944451820691e-07
3.720000000000169352e-03	2.782372049397079908e-07
3.760000000000174661e-03	2.536329315207231062e-07
3.800000000000179970e-03	2.791798359835904603e-07
3.840000000000185279e-03	3.347669117058017348e-07
3.880000000000190588e-03	3.943749059657912104e-07
3.920000000000195897e-03	4.306678459316223118e-07
3.960000000000201206e-03	4.556363412693768960e-07
4.000000000000206515e-03	4.482109625453689496e-07
4.040000000000211824e-03	4.295231570411123468e-07
4.080000000000217134e-03	3.967197402474585891e-07
4.120000000000222443e-03	3.824106077651753385e-07
4.160000000000227752e-03	3.822025271967810823e-07
4.200000000000233061e-03	3.980808299372175159e-07
4.240000000000238370e-03	4.357681182903145003e-07
4.280000000000243679e-03	4.883749727081788445e-07
4.320000000000248988e-03	5.274895212217010570e-07
4.360000000000254297e-03	5.413874870436530561e-07
4.400000000000259606e-03	5.092677512714561143e-07
4.440000000000264915e-03	4.330186684887238571e-07
4.480000000000270224e-03	3.151348490585913905e-07
4.520000000000275533e-03	1.596082332943440091e-07
4.560000000000280843e-03	1.369858981709220245e-08
4.600000000000286152e-03	-1.158527695337087444e-07
4.640000000000291461e-03	-2.301759031825157492e-07
4.680000000000296770e-03	-3.084427459841334149e-07
4.720000000000302079e-03	-3.358870872678984092e-07
4.760000000000307388e-03	-3.220782178714066117e-07
4.800000000000312697e-03	-2.768920892416576998e-07
4.840000000000318006e-03	-1.878630246720275235e-07
4.880000000000323315e-03	-9.486009084958095402e-08
4.920000000000328624e-03	-1.485658013038917354e-08
4.960000000000333933e-03	3.424890380424741720e-08
5.000000000000339243e-03	5.080651526907685098e-08
5.040000000000344552e-03	4.788578445468542005e-08
5.080000000000349861e-03	2.698994354534567292e-08
5.120000000000355170e-03	7.932281500068091745e-09
5.160000000000360479e-03	-1.256816099237819784e-08
5.200000000000365788e-03	-4.108192986499427171e-08
5.240000000000371097e-03	-5.694155029269619556e-08
5.280000000000376406e-03	-6.079611366391318245e-08
5.320000000000381715e-03	-6.166973896967672525e-08
5.360000000000387024e-03	-5.862119614953565533e-08
5.400000000000392333e-03	-3.976412687433539834e-08
5.440000000000397642e-03	-2.706658430711864846e-08
5.480000000000402952e-03	-1.792574113313943254e-08
5.520000000000408261e-03	-3.635845236591961515e-08
5.560000000000413570e-03	-5.103748360178908345e-08
5.600000000000418879e-03	-9.048658909638874908e-08
5.640000000000424188e-03	-1.348992894998327776e-07
5.680000000000429497e-03	-1.924759933893721622e-07
5.720000000000434806e-03	-2.426002372151019271e-07
5.760000000000440115e-03	-2.788246300370644328e-07
5.800000000000445424e-03	-2.966263096774583090e-07
5.840000000000450733e-03	-3.016654286901535110e-07
5.880000000000456042e-03	-2.858860818616852929e-07
5.920000000000461352e-03	-2.547275517398375021e-07
5.960000000000466661e-03	-1.956209088089236766e-07
6.000000000000471970e-03	-1.313308365116553213e-07
6.040000000000477279e-03	-6.249637081342709845e-08
6.080000000000482588e-03	7.864002057091672476e-09
6.120000000000487897e-03	8.262017978557147772e-08
6.160000000000493206e-03	1.414023146496233546e-07
6.200000000000498515e-03	1.776697217173558517e-07
6.240000000000503824e-03	1.858912390924077213e-07
6.280000000000509133e-03	1.686584779554358106e-07
6.320000000000514442e-03	1.236316464829721692e-07
6.360000000000519751e-03	7.888343542421226690e-08
6.400000000000525061e-03	3.825271996940482110e-08
6.440000000000530370e-03	1.845553895306874187e-08
6.480000000000535679e-03	1.478809492720702280e-08
6.520000000000540988e-03	7.613906952181136809e-09
6.560000000000546297e-03	7.479253080552300498e-09
6.600000000000551606e-03	7.613797277320756819e-09
6.640000000000556915e-03	1.334421352870395355e-08
6.680000000000562224e-03	2.905183288603037101e-08
6.720000000000567533e-03	4.816675476200252389e-08
6.760000000000572842e-03	6.275278154322980314e-08
6.800000000000578151e-03	8.694578763838521204e-08
6.840000000000583461e-03	9.907538975296052881e-08
6.880000000000588770e-03	1.144078528950769012e-07
6.920000000000594079e-03	1.350877731699172135e-07
6.960000000000599388e-03	1.620585307340826104e-07
7.000000000000604697e-03	1.829892442751767152e-07
