0.000000000000000000e+00	-2.396542920647637204e-30
3.999999999999998294e-05	-2.620521149704133872e-08
7.999999999999987102e-05	-2.036146016777450387e-06
1.199999999999997591e-04	-6.420952598433480349e-06
1.599999999999996607e-04	-1.410794766230417837e-05
1.999999999999995488e-04	-2.371251858047840043e-05
2.399999999999994369e-04	-3.283350681139373078e-05
2.800000000000003007e-04	-3.835130148894171450e-05
3.200000000000012730e-04	-3.787595197526046807e-05
3.600000000000022453e-04	-3.139651765898223752e-05
4.000000000000032176e-04	-2.071217819767491594e-05
4.400000000000041898e-04	-9.320659221644347873e-06
4.800000000000051621e-04	-1.727482746363201219e-08
5.200000000000061344e-04	5.612672020574524873e-06
5.600000000000071067e-04	7.759954894217830078e-06
6.000000000000080790e-04	7.678924857893435250e-06
6.400000000000090512e-04	6.681556271803923194e-06
6.800000000000100235e-04	6.359528408190731047e-06
7.200000000000109958e-04	5.912273504836802212e-06
7.600000000000119681e-04	5.991606891162279714e-06
8.000000000000129403e-04	5.930844743705906486e-06
8.400000000000139126e-04	6.127343262652036852e-06
8.800000000000148849e-04	6.356155801047383330e-06
9.200000000000158572e-04	6.598500027639052270e-06
9.600000000000168295e-04	7.022851620734741337e-06
1.000000000000015200e-03	7.402817228013625273e-06
1.040000000000011835e-03	7.955063487150235350e-06
1.080000000000008471e-03	8.377143405706217558e-06
1.120000000000005106e-03	8.715834443614287091e-06
1.160000000000001742e-03	8.856630060390484124e-06
1.199999999999998377e-03	8.813717351703829260e-06
1.239999999999995012e-03	8.737546040451198278e-06
1.279999999999991648e-03	8.581046718861063988e-06
1.319999999999988283e-03	8.543868798576564476e-06
1.359999999999984919e-03	8.428085035935701906e-06
1.399999999999981554e-03	8.444382261844136006e-06
1.439999999999978190e-03	8.404608262597380652e-06
1.479999999999974825e-03	8.364965873716399011e-06
1.519999999999971461e-03	8.356619546451400933e-06
1.559999999999968096e-03	8.265937762122521940e-06
1.599999999999964732e-03	8.137159374530698335e-06
1.639999999999961367e-03	7.813988030597000733e-06
1.679999999999958003e-03	7.374864634293721101e-06
1.719999999999954638e-03	6.867794529995074482e-06
1.759999999999951274e-03	6.152546646880985392e-06
1.799999999999947909e-03	5.444201516836468222e-06
1.839999999999944544e-03	4.585145577591455998e-06
1.879999999999941180e-03	3.751647733308937099e-06
1.919999999999937815e-03	2.946539535772122227e-06
1.959999999999935752e-03	2.260852341709479926e-06
1.999999999999941061e-03	1.795398297732970074e-06
2.039999999999946370e-03	1.475079189840975676e-06
2.079999999999951679e-03	1.242483211024128733e-06
2.119999999999956988e-03	9.819846936475265520e-07
2.159999999999962297e-03	6.737171110896965830e-07
2.199999999999967606e-03	3.852708784081684122e-07
2.239999999999972916e-03	1.270779738513247865e-07
2.279999999999978225e-03	-1.043241895772254860e-09
2.319999999999983534e-03	-1.300044874359957012e-07
2.359999999999988843e-03	-2.185684681458728700e-07
2.399999999999994152e-03	-4.847173868989408824e-07
2.439999999999999461e-03	-8.303770750118905217e-07
2.480000000000004770e-03	-1.292985784858648779e-06
2.520000000000010079e-03	-1.806116142672698383e-06
2.560000000000015388e-03	-2.236206956845056932e-06
2.600000000000020697e-03	-2.650952434588073951e-06
2.640000000000026006e-03	-3.002319785737727284e-06
2.680000000000031316e-03	-3.321171256425251180e-06
2.720000000000036625e-03	-3.613603612388947350e-06
2.760000000000041934e-03	-3.864244662352025843e-06
2.800000000000047243e-03	-4.070911779115033761e-06
2.840000000000052552e-03	-4.171819844753757686e-06
2.880000000000057861e-03	-4.211485129167288147e-06
2.920000000000063170e-03	-4.144809080702472812e-06
2.960000000000068479e-03	-4.001592894944414416e-06
3.000000000000073788e-03	-3.786771178991447993e-06
3.040000000000079097e-03	-3.520842941541235043e-06
3.080000000000084406e-03	-3.256980158904431847e-06
3.120000000000089715e-03	-2.990850726510553990e-06
3.160000000000095025e-03	-2.809740542150370655e-06
3.200000000000100334e-03	-2.638490630847910811e-06
3.240000000000105643e-03	-2.538302485748873184e-06
3.280000000000110952e-03	-2.391954260405407991e-06
3.320000000000116261e-03	-2.215624458533665070e-06
3.360000000000121570e-03	-1.991050120411944935e-06
3.400000000000126879e-03	-1.762448185350945274e-06
3.440000000000132188e-03	-1.571683576904998433e-06
3.480000000000137497e-03	-1.385933479947695974e-06
3.520000000000142806e-03	-1.255199625172547685e-06
3.560000000000148115e-03	-1.091574848878915780e-06
3.600000000000153424e-03	-9.419825592707857264e-07
3.640000000000158734e-03	-7.244872492854713031e-07
3.680000000000164043e-03	-4.936207123907152130e-07
3.720000000000169352e-03	-2.612905821293482037e-07
3.760000000000174661e-03	-3.630260024856151639e-08
3.800000000000179970e-03	1.788693388755282940e-07
3.840000000000185279e-03	4.351149218157481495e-07
3.880000000000190588e-03	6.313278785910857505e-07
3.920000000000195897e-03	8.915010129948293181e-07
3.960000000000201206e-03	1.094830852963390906e-06
4.000000000000206515e-03	1.274034536169233713e-06
4.040000000000211824e-03	1.395627309709290239e-06
4.080000000000217134e-03	1.445220221657855472e-06
4.120000000000222443e-03	1.485157437363651215e-06
4.160000000000227752e-03	1.442124807969065215e-06
4.200000000000233061e-03	1.447425557059700326e-06
4.240000000000238370e-03	1.417436699197216807e-06
4.280000000000243679e-03	1.421833947077006615e-06
4.320000000000248988e-03	1.425829755035456178e-06
4.360000000000254297e-03	1.413369485157098613e-06
4.400000000000259606e-03	1.405283641428094231e-06
4.440000000000264915e-03	1.353403568208352590e-06
4.480000000000270224e-03	1.349166965054133934e-06
4.520000000000275533e-03	1.332160624524135331e-06
4.560000000000280843e-03	1.347562878992351867e-06
4.600000000000286152e-03	1.376402800639338625e-06
4.640000000000291461e-03	1.393852428307207333e-06
4.680000000000296770e-03	1.384341957744759938e-06
4.720000000000302079e-03	1.341168218648279716e-06
4.760000000000307388e-03	1.278841995080170946e-06
4.800000000000312697e-03	1.194884017717196908e-06
4.840000000000318006e-03	1.136060492782868568e-06
4.880000000000323315e-03	1.083184495223796735e-06
4.920000000000328624e-03	1.003316743800891520e-06
4.960000000000333933e-03	9.204170985495485049e-07
5.000000000000339243e-03	8.032034452876570430e-07
5.040000000000344552e-03	6.781928421841069515e-07
5.080000000000349861e-03	5.380879677108572139e-07
5.120000000000355170e-03	4.227056919359735152e-07
5.160000000000360479e-03	3.403632723383502448e-07
5.200000000000365788e-03	2.576377487561447301e-07
5.240000000000371097e-03	2.246496917533047885e-07
5.280000000000376406e-03	1.720984431935292168e-07
5.320000000000381715e-03	1.018091262311126509e-07
5.360000000000387024e-03	1.168418148643738179e-08
5.400000000000392333e-03	-9.481565646039827636e-08
5.440000000000397642e-03	-2.285024042593456595e-07
5.480000000000402952e-03	-3.816695478533585366e-07
5.520000000000408261e-03	-5.010488908045119465e-07
5.560000000000413570e-03	-6.096479762167519457e-07
5.600000000000418879e-03	-6.812667045695167568e-07
5.640000000000424188e-03	-7.235815770140188465e-07
5.680000000000429497e-03	-7.527195918012104021e-07
5.720000000000434806e-03	-7.620053196551114732e-07
5.760000000000440115e-03	-7.851982336497645450e-07
5.800000000000445424e-03	-7.820781943754834446e-07
5.840000000000450733e-03	-7.747362232667750100e-07
5.880000000000456042e-03	-7.408893574308021307e-07
5.920000000000461352e-03	-6.754544795140354685e-07
5.960000000000466661e-03	-6.139234115867790761e-07
6.000000000000471970e-03	-5.832048537133390763e-07
6.040000000000477279e-03	-5.870771249871319683e-07
6.080000000000482588e-03	-6.037373270973767307e-07
6.120000000000487897e-03	-6.489213710221596130e-07
6.160000000000493206e-03	-6.581011676181097944e-07
6.200000000000498515e-03	-6.561367306120792369e-07
6.240000000000503824e-03	-6.193534320161397953e-07
6.280000000000509133e-03	-5.513793380624940235e-07
6.320000000000514442e-03	-4.914061876068343780e-07
6.360000000000519751e-03	-4.146528317000914944e-07
6.400000000000525061e-03	-3.435585107418419724e-07
6.440000000000530370e-03	-2.646075865258886273e-07
6.480000000000535679e-03	-1.789084961177719397e-07
6.520000000000540988e-03	-1.037628259379523930e-07
6.560000000000546297e-03	-4.521699144367896891e-08
6.600000000000551606e-03	1.275209586141319548e-08
6.640000000000556915e-03	4.094771978297605106e-08
6.680000000000562224e-03	5.387225187657681938e-08
6.720000000000567533e-03	6.979788585585046143e-08
6.760000000000572842e-03	5.882039499692757672e-08
6.800000000000578151e-03	7.071994161262447870e-08
6.840000000000583461e-03	6.929877348958631517e-08
6.880000000000588770e-03	6.308447077803051519e-08
6.920000000000594079e-03	7.259026402058312060e-08
6.960000000000599388e-03	6.457608907970766705e-08
7.000000000000604697e-03	8.929958408117863048e-08
