0.000000000000000000e+00	-3.792365232415912214e-30
3.999999999999998294e-05	-3.271008579749450695e-08
7.999999999999987102e-05	-2.052655149420054747e-06
1.199999999999997591e-04	-6.336944607327584885e-06
1.599999999999996607e-04	-1.366927497466526285e-05
1.999999999999995488e-04	-2.261727176677820700e-05
2.399999999999994369e-04	-3.076744984168457820e-05
2.800000000000003007e-04	-3.533232376229090255e-05
3.200000000000012730e-04	-3.403166795493540157e-05
3.600000000000022453e-04	-2.708950454692151994e-05
4.000000000000032176e-04	-1.644760179737285324e-05
4.400000000000041898e-04	-5.385780507402238029e-06
4.800000000000051621e-04	3.294238309527624972e-06
5.200000000000061344e-04	8.293159055639283593e-06
5.600000000000071067e-04	9.918090874899162420e-06
6.000000000000080790e-04	9.505162417443202791e-06
6.400000000000090512e-04	8.380009283052982044e-06
6.800000000000100235e-04	8.080491865963976433e-06
7.200000000000109958e-04	7.898380668266776644e-06
7.600000000000119681e-04	8.243993327119801174e-06
8.000000000000129403e-04	8.674901767055112094e-06
8.400000000000139126e-04	9.341220695940452876e-06
8.800000000000148849e-04	1.000150707504396971e-05
9.200000000000158572e-04	1.051104387632755373e-05
9.600000000000168295e-04	1.088468460995849880e-05
1.000000000000015200e-03	1.094663594209316482e-05
1.040000000000011835e-03	1.069202991505393278e-05
1.080000000000008471e-03	1.021703043564441604e-05
1.120000000000005106e-03	9.486664462433629406e-06
1.160000000000001742e-03	8.714716800793047863e-06
1.199999999999998377e-03	7.938526836792649024e-06
1.239999999999995012e-03	7.191424233772387752e-06
1.279999999999991648e-03	6.429664477107628485e-06
1.319999999999988283e-03	5.720613461621872464e-06
1.359999999999984919e-03	5.107940647530663179e-06
1.399999999999981554e-03	4.634387569931155341e-06
1.439999999999978190e-03	4.257250589700714889e-06
1.479999999999974825e-03	3.895929091717510609e-06
1.519999999999971461e-03	3.441698907052664241e-06
1.559999999999968096e-03	2.807757798571030276e-06
1.599999999999964732e-03	1.888389415795940799e-06
1.639999999999961367e-03	8.284325618068311090e-07
1.679999999999958003e-03	-2.431589638592850789e-07
1.719999999999954638e-03	-1.154324479679364970e-06
1.759999999999951274e-03	-1.870185521742673192e-06
1.799999999999947909e-03	-2.363707926842453968e-06
1.839999999999944544e-03	-2.581191771595760901e-06
1.879999999999941180e-03	-2.589910261428799659e-06
1.919999999999937815e-03	-2.381898351710319356e-06
1.959999999999935752e-03	-1.971301777718281468e-06
1.999999999999941061e-03	-1.434970152634515729e-06
2.039999999999946370e-03	-8.572383889243908195e-07
2.079999999999951679e-03	-3.988933026640891906e-07
2.119999999999956988e-03	-6.076004097793539982e-08
2.159999999999962297e-03	4.143213090438134449e-08
2.199999999999967606e-03	3.309609772235957910e-08
2.239999999999972916e-03	-1.452649891805663649e-07
2.279999999999978225e-03	-3.751922243110835776e-07
2.319999999999983534e-03	-6.485362515996883303e-07
2.359999999999988843e-03	-9.381225297696483888e-07
2.399999999999994152e-03	-1.103303744389976631e-06
2.439999999999999461e-03	-1.221688099030276997e-06
2.480000000000004770e-03	-1.184598265500061371e-06
2.520000000000010079e-03	-1.039139481358419129e-06
2.560000000000015388e-03	-8.665213024343439546e-07
2.600000000000020697e-03	-6.953258351302317912e-07
2.640000000000026006e-03	-6.152600637453411712e-07
2.680000000000031316e-03	-5.694506771630928335e-07
2.720000000000036625e-03	-5.535693992775681872e-07
2.760000000000041934e-03	-5.396447778043406844e-07
2.800000000000047243e-03	-5.439828375101536495e-07
2.840000000000052552e-03	-5.361163953166949364e-07
2.880000000000057861e-03	-5.466846114556712933e-07
2.920000000000063170e-03	-5.498899517365224547e-07
2.960000000000068479e-03	-5.104492653367486441e-07
3.000000000000073788e-03	-4.399550951559868066e-07
3.040000000000079097e-03	-3.331318973753212701e-07
3.080000000000084406e-03	-2.228545081272673701e-07
3.120000000000089715e-03	-1.716476142274218668e-07
3.160000000000095025e-03	-1.708149488990636744e-07
3.200000000000100334e-03	-2.713691428781989275e-07
3.240000000000105643e-03	-3.790356794066195233e-07
3.280000000000110952e-03	-4.797984159389188855e-07
3.320000000000116261e-03	-5.531688122013241687e-07
3.360000000000121570e-03	-5.408359855593569059e-07
3.400000000000126879e-03	-5.004910725898786426e-07
3.440000000000132188e-03	-4.061738419741090654e-07
3.480000000000137497e-03	-2.815876464080878277e-07
3.520000000000142806e-03	-1.458031708335983231e-07
3.560000000000148115e-03	2.213893818729465872e-08
3.600000000000153424e-03	1.688488815345295883e-07
3.640000000000158734e-03	3.080851578519046136e-07
3.680000000000164043e-03	3.777916091888335119e-07
3.720000000000169352e-03	3.833999296359427672e-07
3.760000000000174661e-03	3.679773436751511558e-07
3.800000000000179970e-03	3.339273934429333201e-07
3.840000000000185279e-03	2.888604398113314728e-07
3.880000000000190588e-03	2.894765986584718355e-07
3.920000000000195897e-03	2.987008166993118736e-07
3.960000000000201206e-03	3.350050556073291765e-07
4.000000000000206515e-03	3.583428077956865340e-07
4.040000000000211824e-03	3.936466732839601551e-07
4.080000000000217134e-03	4.209992783747003760e-07
4.120000000000222443e-03	4.538430891583545844e-07
4.160000000000227752e-03	4.903124551140404524e-07
4.200000000000233061e-03	5.117304902497041161e-07
4.240000000000238370e-03	5.179919205209134816e-07
4.280000000000243679e-03	5.044245148610397779e-07
4.320000000000248988e-03	4.795832026115256853e-07
4.360000000000254297e-03	4.220560539676848343e-07
4.400000000000259606e-03	3.640586635898439522e-07
4.440000000000264915e-03	3.293990839316095381e-07
4.480000000000270224e-03	3.124331079750093489e-07
4.520000000000275533e-03	3.313676231469963098e-07
4.560000000000280843e-03	3.415966339202047391e-07
4.600000000000286152e-03	3.708872441500782665e-07
4.640000000000291461e-03	3.761357696692207037e-07
4.680000000000296770e-03	3.736888404289909341e-07
4.720000000000302079e-03	3.372454630636192537e-07
4.760000000000307388e-03	2.756644753032022216e-07
4.800000000000312697e-03	2.174097355594883474e-07
4.840000000000318006e-03	1.316087097361737787e-07
4.880000000000323315e-03	6.495292198797564697e-08
4.920000000000328624e-03	-7.504519920673420049e-10
4.960000000000333933e-03	-3.039741241971541638e-08
5.000000000000339243e-03	-5.403167488680507390e-08
5.040000000000344552e-03	-7.445190951240205773e-08
5.080000000000349861e-03	-9.645929516411227794e-08
5.120000000000355170e-03	-1.229561231696156764e-07
5.160000000000360479e-03	-1.630259946995783531e-07
5.200000000000365788e-03	-2.118330609135351394e-07
5.240000000000371097e-03	-2.450407428334827701e-07
5.280000000000376406e-03	-2.747553346975026955e-07
5.320000000000381715e-03	-2.723146321381166121e-07
5.360000000000387024e-03	-2.833337566526736699e-07
5.400000000000392333e-03	-3.028344334038377338e-07
5.440000000000397642e-03	-3.108756448291700973e-07
5.480000000000402952e-03	-3.257649067208767424e-07
5.520000000000408261e-03	-3.187909925347670611e-07
5.560000000000413570e-03	-3.180646745151887236e-07
5.600000000000418879e-03	-2.850513054083994739e-07
5.640000000000424188e-03	-2.616065190753932877e-07
5.680000000000429497e-03	-2.559703464235147990e-07
5.720000000000434806e-03	-2.578898512893646434e-07
5.760000000000440115e-03	-2.609596535123483532e-07
5.800000000000445424e-03	-2.634003744283116028e-07
5.840000000000450733e-03	-2.554136247527508209e-07
5.880000000000456042e-03	-2.394438967210576842e-07
5.920000000000461352e-03	-2.215985887061906768e-07
5.960000000000466661e-03	-1.968553141380502758e-07
6.000000000000471970e-03	-1.819825644419303105e-07
6.040000000000477279e-03	-1.349010451729798534e-07
6.080000000000482588e-03	-8.595024247365860370e-08
6.120000000000487897e-03	-1.682747081663956215e-08
6.160000000000493206e-03	5.179891109158838970e-08
6.200000000000498515e-03	1.113443243030382577e-07
6.240000000000503824e-03	1.546573946637287504e-07
6.280000000000509133e-03	1.890143992457760783e-07
6.320000000000514442e-03	2.131921518441777176e-07
6.360000000000519751e-03	2.398944123930382459e-07
6.400000000000525061e-03	2.862171540086400312e-07
6.440000000000530370e-03	3.097829186100539428e-07
6.480000000000535679e-03	3.236554130035306034e-07
6.520000000000540988e-03	3.205150954463632374e-07
6.560000000000546297e-03	2.936513736276135522e-07
6.600000000000551606e-03	2.760185989347324646e-07
6.640000000000556915e-03	2.517718124239990102e-07
6.680000000000562224e-03	2.438728610964251469e-07
6.720000000000567533e-03	2.381700633288176192e-07
6.760000000000572842e-03	2.286072752755745413e-07
6.800000000000578151e-03	1.964102989567106566e-07
6.840000000000583461e-03	1.597772694955462348e-07
6.880000000000588770e-03	1.144285316745654764e-07
6.920000000000594079e-03	8.220276627858680352e-08
6.960000000000599388e-03	6.612668004643312628e-08
7.000000000000604697e-03	5.415760558517847287e-08
