0.000000000000000000e+00	-2.657804534483741261e-30
3.999999999999998294e-05	-2.501880522852844819e-08
7.999999999999987102e-05	-2.042871329861155559e-06
1.199999999999997591e-04	-6.323732113818970782e-06
1.599999999999996607e-04	-1.366851786074644235e-05
1.999999999999995488e-04	-2.264110919961439362e-05
2.399999999999994369e-04	-3.068674641670619791e-05
2.800000000000003007e-04	-3.508007871427985488e-05
3.200000000000012730e-04	-3.352049523117993487e-05
3.600000000000022453e-04	-2.645367907010235395e-05
4.000000000000032176e-04	-1.584777004975322680e-05
4.400000000000041898e-04	-5.158074142910304840e-06
4.800000000000051621e-04	2.899184883644258794e-06
5.200000000000061344e-04	7.223312493210361742e-06
5.600000000000071067e-04	8.217095917722265814e-06
6.000000000000080790e-04	7.520486125281550996e-06
6.400000000000090512e-04	6.442138667460475369e-06
6.800000000000100235e-04	6.515933022141420077e-06
7.200000000000109958e-04	6.682383897572736674e-06
7.600000000000119681e-04	7.347320397477049089e-06
8.000000000000129403e-04	7.774830333852844760e-06
8.400000000000139126e-04	8.110893636248650676e-06
8.800000000000148849e-04	8.392253475553187897e-06
9.200000000000158572e-04	8.489592410964523400e-06
9.600000000000168295e-04	8.618409449913701440e-06
1.000000000000015200e-03	8.537855279641642819e-06
1.040000000000011835e-03	8.489604242980565925e-06
1.080000000000008471e-03	8.245900820026572393e-06
1.120000000000005106e-03	7.951564174679154491e-06
1.160000000000001742e-03	7.602434218063425487e-06
1.199999999999998377e-03	7.164011454977690088e-06
1.239999999999995012e-03	6.698796671226606325e-06
1.279999999999991648e-03	6.102583054154274733e-06
1.319999999999988283e-03	5.476217850265283447e-06
1.359999999999984919e-03	4.829022264197972914e-06
1.399999999999981554e-03	4.356996622853139830e-06
1.439999999999978190e-03	4.042225655338750095e-06
1.479999999999974825e-03	3.854683314303355481e-06
1.519999999999971461e-03	3.665391356739872768e-06
1.559999999999968096e-03	3.426645358654382865e-06
1.599999999999964732e-03	3.103383093139464593e-06
1.639999999999961367e-03	2.758150128771592010e-06
1.679999999999958003e-03	2.513212483664492262e-06
1.719999999999954638e-03	2.410281045330251144e-06
1.759999999999951274e-03	2.399131149711207670e-06
1.799999999999947909e-03	2.317183313344563211e-06
1.839999999999944544e-03	2.252824000569262975e-06
1.879999999999941180e-03	2.024501587118637754e-06
1.919999999999937815e-03	1.820796189275585390e-06
1.959999999999935752e-03	1.537908937541739450e-06
1.999999999999941061e-03	1.303651610346536552e-06
2.039999999999946370e-03	1.064602628175922755e-06
2.079999999999951679e-03	7.992758805567886156e-07
2.119999999999956988e-03	5.403247247456829610e-07
2.159999999999962297e-03	2.530471718254914842e-07
2.199999999999967606e-03	3.913846951946622523e-08
2.239999999999972916e-03	-1.203372418256477492e-07
2.279999999999978225e-03	-2.573564393934216803e-07
2.319999999999983534e-03	-4.249983257162545205e-07
2.359999999999988843e-03	-6.232797599947548374e-07
2.399999999999994152e-03	-7.867929233681749226e-07
2.439999999999999461e-03	-8.971218357554169785e-07
2.480000000000004770e-03	-8.539124691946177946e-07
2.520000000000010079e-03	-7.427525173118765009e-07
2.560000000000015388e-03	-5.969602226810149970e-07
2.600000000000020697e-03	-5.208823158857781100e-07
2.640000000000026006e-03	-5.663530910625080421e-07
2.680000000000031316e-03	-7.535409711212994970e-07
2.720000000000036625e-03	-9.616131391776333415e-07
2.760000000000041934e-03	-1.108332609277805274e-06
2.800000000000047243e-03	-1.174594788433187356e-06
2.840000000000052552e-03	-1.154339845118640430e-06
2.880000000000057861e-03	-1.134005388242614721e-06
2.920000000000063170e-03	-1.142854959353426280e-06
2.960000000000068479e-03	-1.188630749330046587e-06
3.000000000000073788e-03	-1.229140325036416350e-06
3.040000000000079097e-03	-1.228179722554924398e-06
3.080000000000084406e-03	-1.153855405631406938e-06
3.120000000000089715e-03	-1.077812085540810401e-06
3.160000000000095025e-03	-1.002675259199852855e-06
3.200000000000100334e-03	-1.019760616227108411e-06
3.240000000000105643e-03	-1.082744607011466023e-06
3.280000000000110952e-03	-1.170481089965566489e-06
3.320000000000116261e-03	-1.281089279685306694e-06
3.360000000000121570e-03	-1.342635763436459448e-06
3.400000000000126879e-03	-1.391166543983515779e-06
3.440000000000132188e-03	-1.442198002932549276e-06
3.480000000000137497e-03	-1.461957032086342227e-06
3.520000000000142806e-03	-1.465690462433484489e-06
3.560000000000148115e-03	-1.385800307094700914e-06
3.600000000000153424e-03	-1.222353320869209127e-06
3.640000000000158734e-03	-9.781948196485578387e-07
3.680000000000164043e-03	-7.287243006144399870e-07
3.720000000000169352e-03	-5.213407836183755725e-07
3.760000000000174661e-03	-4.011414542434321713e-07
3.800000000000179970e-03	-3.426115933742412090e-07
3.840000000000185279e-03	-3.226379116277530860e-07
3.880000000000190588e-03	-2.715548570559643233e-07
3.920000000000195897e-03	-1.590602849320324065e-07
3.960000000000201206e-03	6.535452794113600648e-09
4.000000000000206515e-03	1.684684261700228393e-07
4.040000000000211824e-03	3.062773966825992790e-07
4.080000000000217134e-03	4.010536848940330363e-07
4.120000000000222443e-03	4.900962225673118916e-07
4.160000000000227752e-03	5.952970102607188555e-07
4.200000000000233061e-03	7.137030127294365696e-07
4.240000000000238370e-03	8.076233075836333950e-07
4.280000000000243679e-03	8.622018132540079129e-07
4.320000000000248988e-03	8.532677509073362478e-07
4.360000000000254297e-03	7.785782060983450563e-07
4.400000000000259606e-03	6.647734998689823006e-07
4.440000000000264915e-03	6.110234744545314092e-07
4.480000000000270224e-03	6.152237792225467064e-07
4.520000000000275533e-03	6.673102032380471812e-07
4.560000000000280843e-03	7.104394016218333549e-07
4.600000000000286152e-03	7.134442785200263705e-07
4.640000000000291461e-03	6.305906427772388983e-07
4.680000000000296770e-03	5.123214964357829911e-07
4.720000000000302079e-03	3.780563754998325186e-07
4.760000000000307388e-03	2.651007668605719591e-07
4.800000000000312697e-03	1.996907813568921286e-07
4.840000000000318006e-03	1.655406781724972371e-07
4.880000000000323315e-03	1.234005144841498895e-07
4.920000000000328624e-03	8.922341122275588722e-08
4.960000000000333933e-03	7.425514298189915882e-08
5.000000000000339243e-03	1.235910763362361564e-07
5.040000000000344552e-03	2.033521681695321429e-07
5.080000000000349861e-03	3.305393845568169959e-07
5.120000000000355170e-03	4.635399489773497639e-07
5.160000000000360479e-03	5.621060000503336004e-07
5.200000000000365788e-03	6.214602910322308256e-07
5.240000000000371097e-03	6.515298661899236880e-07
5.280000000000376406e-03	6.787847892437200212e-07
5.320000000000381715e-03	7.104908275911111408e-07
5.360000000000387024e-03	7.076949272385309747e-07
5.400000000000392333e-03	6.803698822813546914e-07
5.440000000000397642e-03	5.714040633837046176e-07
5.480000000000402952e-03	4.401449896418667060e-07
5.520000000000408261e-03	2.743798016033601686e-07
5.560000000000413570e-03	1.293113916306308535e-07
5.600000000000418879e-03	2.672179189922864167e-08
5.640000000000424188e-03	-2.260095651460731417e-08
5.680000000000429497e-03	-4.340415859673147557e-08
5.720000000000434806e-03	-4.903011559005032758e-08
5.760000000000440115e-03	-5.512923995228757435e-08
5.800000000000445424e-03	-6.404632330710267109e-08
5.840000000000450733e-03	-7.344629042557367958e-08
5.880000000000456042e-03	-8.054350409889955088e-08
5.920000000000461352e-03	-1.088552403839841239e-07
5.960000000000466661e-03	-1.458696901808990620e-07
6.000000000000471970e-03	-1.824307425007694962e-07
6.040000000000477279e-03	-2.144170276011935181e-07
6.080000000000482588e-03	-2.425002603350490682e-07
6.120000000000487897e-03	-2.612443329231797996e-07
6.160000000000493206e-03	-2.439714812486590212e-07
6.200000000000498515e-03	-2.466093253343981215e-07
6.240000000000503824e-03	-2.392874679670657121e-07
6.280000000000509133e-03	-2.597229134019389225e-07
6.320000000000514442e-03	-2.954798256317507854e-07
6.360000000000519751e-03	-3.277899509160232808e-07
6.400000000000525061e-03	-3.606323625643383075e-07
6.440000000000530370e-03	-3.659152823778779366e-07
6.480000000000535679e-03	-3.510720393387630099e-07
6.520000000000540988e-03	-3.351107290127341198e-07
6.560000000000546297e-03	-3.058208849885321292e-07
6.600000000000551606e-03	-2.909911075822334337e-07
6.640000000000556915e-03	-2.778541503318167224e-07
6.680000000000562224e-03	-2.577188242997190911e-07
6.720000000000567533e-03	-2.220202536547185802e-07
6.760000000000572842e-03	-1.907361123567071245e-07
6.800000000000578151e-03	-1.745377950961644662e-07
6.840000000000583461e-03	-1.710329083329448858e-07
6.880000000000588770e-03	-1.788848725327532991e-07
6.920000000000594079e-03	-1.791369470138369095e-07
6.960000000000599388e-03	-1.789572141620031652e-07
7.000000000000604697e-03	-1.491188166121853278e-07
