0.000000000000000000e+00	-3.273536451334373288e-30
3.999999999999998294e-05	-2.821965747759222207e-08
7.999999999999987102e-05	-2.037292135767087770e-06
1.199999999999997591e-04	-6.405924021029286739e-06
1.599999999999996607e-04	-1.382017702889084270e-05
1.999999999999995488e-04	-2.327544826444393221e-05
2.399999999999994369e-04	-3.221747007361818035e-05
2.800000000000003007e-04	-3.789874895813296143e-05
3.200000000000012730e-04	-3.798660022408802768e-05
3.600000000000022453e-04	-3.216302660246386059e-05
4.000000000000032176e-04	-2.195995048279554221e-05
4.400000000000041898e-04	-1.035661264331534136e-05
4.800000000000051621e-04	-4.916530462893514014e-08
5.200000000000061344e-04	7.235459380307558557e-06
5.600000000000071067e-04	1.131675178161758454e-05
6.000000000000080790e-04	1.302571968474269999e-05
6.400000000000090512e-04	1.339587728140638184e-05
6.800000000000100235e-04	1.399223618710555272e-05
7.200000000000109958e-04	1.420051722000888371e-05
7.600000000000119681e-04	1.459212106521746394e-05
8.000000000000129403e-04	1.472453100456771243e-05
8.400000000000139126e-04	1.463637747117930869e-05
8.800000000000148849e-04	1.429839422727449341e-05
9.200000000000158572e-04	1.359997269893541838e-05
9.600000000000168295e-04	1.274448994302026882e-05
1.000000000000015200e-03	1.190783700158820637e-05
1.040000000000011835e-03	1.106740532273031577e-05
1.080000000000008471e-03	1.012496557564081071e-05
1.120000000000005106e-03	9.033336155405486052e-06
1.160000000000001742e-03	7.744068212594063585e-06
1.199999999999998377e-03	6.467408974490352301e-06
1.239999999999995012e-03	5.330933414952119608e-06
1.279999999999991648e-03	4.342221431231999820e-06
1.319999999999988283e-03	3.476073353751397697e-06
1.359999999999984919e-03	2.665817879392077694e-06
1.399999999999981554e-03	1.878011046722683325e-06
1.439999999999978190e-03	1.208184806682786562e-06
1.479999999999974825e-03	6.057097501591170270e-07
1.519999999999971461e-03	2.626401556469265563e-07
1.559999999999968096e-03	7.412854540192623127e-08
1.599999999999964732e-03	-8.268529259128084091e-08
1.639999999999961367e-03	-3.426498901277811528e-07
1.679999999999958003e-03	-7.519559520249216663e-07
1.719999999999954638e-03	-1.203037769032280490e-06
1.759999999999951274e-03	-1.532975062883380336e-06
1.799999999999947909e-03	-1.671589912297151916e-06
1.839999999999944544e-03	-1.604729809823490400e-06
1.879999999999941180e-03	-1.415884591800875132e-06
1.919999999999937815e-03	-1.259614195847703279e-06
1.959999999999935752e-03	-1.191312644078311002e-06
1.999999999999941061e-03	-1.177871781768181380e-06
2.039999999999946370e-03	-1.111234060889047200e-06
2.079999999999951679e-03	-9.214795045425136616e-07
2.119999999999956988e-03	-6.687081889634619688e-07
2.159999999999962297e-03	-4.353370354540793517e-07
2.199999999999967606e-03	-3.162341104273348981e-07
2.239999999999972916e-03	-3.335496640625552007e-07
2.279999999999978225e-03	-4.622962242674328301e-07
2.319999999999983534e-03	-5.518138683214687679e-07
2.359999999999988843e-03	-5.465316573912512282e-07
2.399999999999994152e-03	-4.158455112846217346e-07
2.439999999999999461e-03	-1.885034270606176128e-07
2.480000000000004770e-03	3.493536274641771203e-09
2.520000000000010079e-03	1.614175031663944546e-07
2.560000000000015388e-03	2.280133266007776621e-07
2.600000000000020697e-03	2.380355271204908929e-07
2.640000000000026006e-03	2.046080855465946676e-07
2.680000000000031316e-03	1.051928611083825439e-07
2.720000000000036625e-03	-3.604216083778354347e-08
2.760000000000041934e-03	-2.413637241366770722e-07
2.800000000000047243e-03	-4.731210077045761842e-07
2.840000000000052552e-03	-7.115943871122617898e-07
2.880000000000057861e-03	-9.025222714151875361e-07
2.920000000000063170e-03	-1.005524993397184840e-06
2.960000000000068479e-03	-1.067912872763215517e-06
3.000000000000073788e-03	-1.089267835789915604e-06
3.040000000000079097e-03	-1.097806506642724351e-06
3.080000000000084406e-03	-1.102514205165998126e-06
3.120000000000089715e-03	-1.122473384930372584e-06
3.160000000000095025e-03	-1.097743767975338045e-06
3.200000000000100334e-03	-1.034809764944873595e-06
3.240000000000105643e-03	-8.872824527639535626e-07
3.280000000000110952e-03	-6.759015191492043923e-07
3.320000000000116261e-03	-4.435578446953572955e-07
3.360000000000121570e-03	-2.019064381907167561e-07
3.400000000000126879e-03	1.665380315057435192e-08
3.440000000000132188e-03	1.789756619453016485e-07
3.480000000000137497e-03	2.946993874555248544e-07
3.520000000000142806e-03	3.786839505359900432e-07
3.560000000000148115e-03	4.531202183763635460e-07
3.600000000000153424e-03	5.225413330260937869e-07
3.640000000000158734e-03	5.769688948476448978e-07
3.680000000000164043e-03	6.425789462842763958e-07
3.720000000000169352e-03	7.228147752478635542e-07
3.760000000000174661e-03	7.830619285691865839e-07
3.800000000000179970e-03	8.224909318681273407e-07
3.840000000000185279e-03	8.203789481804734854e-07
3.880000000000190588e-03	7.810262889672695729e-07
3.920000000000195897e-03	7.154537504813687330e-07
3.960000000000201206e-03	6.098590950577062725e-07
4.000000000000206515e-03	5.078454770208481697e-07
4.040000000000211824e-03	4.192328445687973637e-07
4.080000000000217134e-03	3.688739296417063428e-07
4.120000000000222443e-03	3.378761393991518112e-07
4.160000000000227752e-03	3.331346983175447784e-07
4.200000000000233061e-03	3.556662004749675189e-07
4.240000000000238370e-03	3.764852349304674671e-07
4.280000000000243679e-03	4.048145782033574368e-07
4.320000000000248988e-03	3.953998092035763243e-07
4.360000000000254297e-03	3.661701194416912703e-07
4.400000000000259606e-03	2.997476115946015484e-07
4.440000000000264915e-03	2.251697701566279692e-07
4.480000000000270224e-03	1.381102657934181628e-07
4.520000000000275533e-03	4.426682027224585629e-08
4.560000000000280843e-03	-2.286650236333519528e-08
4.600000000000286152e-03	-7.327402701913419987e-08
4.640000000000291461e-03	-1.156992576178402595e-07
4.680000000000296770e-03	-1.323985286669203395e-07
4.720000000000302079e-03	-1.410082887240855858e-07
4.760000000000307388e-03	-1.194640067211080386e-07
4.800000000000312697e-03	-1.087300674131626999e-07
4.840000000000318006e-03	-1.003307458916370422e-07
4.880000000000323315e-03	-1.105848758655698568e-07
4.920000000000328624e-03	-1.222833941524994516e-07
4.960000000000333933e-03	-1.447214444763427805e-07
5.000000000000339243e-03	-1.754237898312076176e-07
5.040000000000344552e-03	-2.044695228000510377e-07
5.080000000000349861e-03	-2.257754274985579105e-07
5.120000000000355170e-03	-2.395607072347604020e-07
5.160000000000360479e-03	-2.519814656429779235e-07
5.200000000000365788e-03	-2.576120666617649962e-07
5.240000000000371097e-03	-2.388700373735712779e-07
5.280000000000376406e-03	-1.984044207038598906e-07
5.320000000000381715e-03	-1.536510234000824151e-07
5.360000000000387024e-03	-9.011054016857775875e-08
5.400000000000392333e-03	-4.080835064867938694e-08
5.440000000000397642e-03	2.414593545579947500e-09
5.480000000000402952e-03	4.370374254430230246e-08
5.520000000000408261e-03	6.315238410692800852e-08
5.560000000000413570e-03	6.543279112002729226e-08
5.600000000000418879e-03	6.115472410845988094e-08
5.640000000000424188e-03	4.734902735009891488e-08
5.680000000000429497e-03	2.757071833317344110e-09
5.720000000000434806e-03	-2.903029376622500483e-08
5.760000000000440115e-03	-6.113830232710712889e-08
5.800000000000445424e-03	-8.931154659267785381e-08
5.840000000000450733e-03	-9.470556966106536755e-08
5.880000000000456042e-03	-1.061542425046631596e-07
5.920000000000461352e-03	-9.008213459481182274e-08
5.960000000000466661e-03	-8.662537747034000581e-08
6.000000000000471970e-03	-5.529647352763189361e-08
6.040000000000477279e-03	-1.718237713539671347e-08
6.080000000000482588e-03	1.061567779417133511e-08
6.120000000000487897e-03	3.671530972406240212e-08
6.160000000000493206e-03	5.386430841358140319e-08
6.200000000000498515e-03	5.844016297081067706e-08
6.240000000000503824e-03	5.407669698971416240e-08
6.280000000000509133e-03	4.529181263990994519e-08
6.320000000000514442e-03	3.778657089202929755e-08
6.360000000000519751e-03	3.429991000646184282e-08
6.400000000000525061e-03	4.293481837177755240e-08
6.440000000000530370e-03	2.726444480528729678e-08
6.480000000000535679e-03	2.247665451000928320e-08
6.520000000000540988e-03	1.079583522136286404e-08
6.560000000000546297e-03	9.259230497779760630e-09
6.600000000000551606e-03	2.248845843070475555e-08
6.640000000000556915e-03	2.132403807785969709e-08
6.680000000000562224e-03	3.955608080750510193e-08
6.720000000000567533e-03	4.299444255287763133e-08
6.760000000000572842e-03	5.608345117282496445e-08
6.800000000000578151e-03	5.492002146325376192e-08
6.840000000000583461e-03	6.281875117538490656e-08
6.880000000000588770e-03	8.632678080485078461e-08
6.920000000000594079e-03	9.757421135092757168e-08
6.960000000000599388e-03	1.012588679653418251e-07
7.000000000000604697e-03	1.001970420798450188e-07
