0.000000000000000000e+00	-1.101588453887992342e-30
3.999999999999998294e-05	-2.825667750447200733e-08
7.999999999999987102e-05	-2.052521479983785917e-06
1.199999999999997591e-04	-6.340449561252710582e-06
1.599999999999996607e-04	-1.367147342631945196e-05
1.999999999999995488e-04	-2.263928165747212354e-05
2.399999999999994369e-04	-3.068875489284368489e-05
2.800000000000003007e-04	-3.515654452277395766e-05
3.200000000000012730e-04	-3.377251000942360371e-05
3.600000000000022453e-04	-2.690588484957911702e-05
4.000000000000032176e-04	-1.635762874791324051e-05
4.400000000000041898e-04	-5.524504163353339123e-06
4.800000000000051621e-04	3.058166056115049422e-06
5.200000000000061344e-04	8.063858248753507960e-06
5.600000000000071067e-04	9.764415762583640701e-06
6.000000000000080790e-04	9.613751715724388973e-06
6.400000000000090512e-04	8.687743704356511073e-06
6.800000000000100235e-04	8.571537188972691787e-06
7.200000000000109958e-04	8.343916377652084364e-06
7.600000000000119681e-04	8.594578745629451495e-06
8.000000000000129403e-04	8.749951776985672396e-06
8.400000000000139126e-04	8.952724233832183595e-06
8.800000000000148849e-04	9.267690962971862994e-06
9.200000000000158572e-04	9.468247335912772562e-06
9.600000000000168295e-04	9.802670318874829477e-06
1.000000000000015200e-03	9.976699535130385715e-06
1.040000000000011835e-03	1.018220518650823466e-05
1.080000000000008471e-03	1.002084888332881250e-05
1.120000000000005106e-03	9.699548624097562355e-06
1.160000000000001742e-03	9.057413451153128810e-06
1.199999999999998377e-03	8.208506948595037741e-06
1.239999999999995012e-03	7.401470162296080539e-06
1.279999999999991648e-03	6.500405287723665843e-06
1.319999999999988283e-03	5.723335886091269343e-06
1.359999999999984919e-03	5.031585198984132129e-06
1.399999999999981554e-03	4.502191276211715858e-06
1.439999999999978190e-03	4.219641724737099464e-06
1.479999999999974825e-03	3.934512776598067891e-06
1.519999999999971461e-03	3.638826372595790007e-06
1.559999999999968096e-03	3.152606698080781159e-06
1.599999999999964732e-03	2.423748130551251664e-06
1.639999999999961367e-03	1.471244065316343578e-06
1.679999999999958003e-03	4.061561826528688016e-07
1.719999999999954638e-03	-6.369233062727741924e-07
1.759999999999951274e-03	-1.466254668492961035e-06
1.799999999999947909e-03	-2.043953775847152767e-06
1.839999999999944544e-03	-2.380645441350929673e-06
1.879999999999941180e-03	-2.401911423989975123e-06
1.919999999999937815e-03	-2.179576333287727217e-06
1.959999999999935752e-03	-1.795272103477705102e-06
1.999999999999941061e-03	-1.308818624431449018e-06
2.039999999999946370e-03	-8.705940170013067359e-07
2.079999999999951679e-03	-5.241994673516626366e-07
2.119999999999956988e-03	-3.354073481923278556e-07
2.159999999999962297e-03	-3.182565837842673146e-07
2.199999999999967606e-03	-4.159162848213296809e-07
2.239999999999972916e-03	-6.112069031066794790e-07
2.279999999999978225e-03	-8.383099011391157436e-07
2.319999999999983534e-03	-1.061750983366176268e-06
2.359999999999988843e-03	-1.250216524758581874e-06
2.399999999999994152e-03	-1.331411667238917231e-06
2.439999999999999461e-03	-1.308140725676392068e-06
2.480000000000004770e-03	-1.162759382879450115e-06
2.520000000000010079e-03	-9.720897779288790440e-07
2.560000000000015388e-03	-7.692668134316461756e-07
2.600000000000020697e-03	-5.713603419533614912e-07
2.640000000000026006e-03	-4.630374481658639300e-07
2.680000000000031316e-03	-3.813205138255989215e-07
2.720000000000036625e-03	-3.507707696644822004e-07
2.760000000000041934e-03	-3.505331640091410660e-07
2.800000000000047243e-03	-3.545786402110069510e-07
2.840000000000052552e-03	-4.016445900318985884e-07
2.880000000000057861e-03	-4.261270653634792670e-07
2.920000000000063170e-03	-4.562263347087572992e-07
2.960000000000068479e-03	-4.519874661394640598e-07
3.000000000000073788e-03	-3.913420786884020757e-07
3.040000000000079097e-03	-3.299386712269133486e-07
3.080000000000084406e-03	-2.603388610630614025e-07
3.120000000000089715e-03	-2.735042277644519347e-07
3.160000000000095025e-03	-3.276688409025727349e-07
3.200000000000100334e-03	-3.876680626177798678e-07
3.240000000000105643e-03	-4.332317102186989618e-07
3.280000000000110952e-03	-4.353669598791124079e-07
3.320000000000116261e-03	-4.200306584269401157e-07
3.360000000000121570e-03	-3.711264624830848522e-07
3.400000000000126879e-03	-3.428898473503039711e-07
3.440000000000132188e-03	-3.209753377023823569e-07
3.480000000000137497e-03	-2.881276178708513132e-07
3.520000000000142806e-03	-2.143994039274529476e-07
3.560000000000148115e-03	-1.096547729622864092e-07
3.600000000000153424e-03	-1.254250995264532228e-08
3.640000000000158734e-03	6.833477580754604526e-08
3.680000000000164043e-03	1.099876722385575850e-07
3.720000000000169352e-03	1.311607916562268928e-07
3.760000000000174661e-03	1.616411109425059350e-07
3.800000000000179970e-03	1.939284521314116690e-07
3.840000000000185279e-03	2.530326528091357088e-07
3.880000000000190588e-03	3.102783144275175611e-07
3.920000000000195897e-03	4.061809678226608071e-07
3.960000000000201206e-03	4.485229079104799029e-07
4.000000000000206515e-03	4.712648815602207324e-07
4.040000000000211824e-03	4.817149874908618680e-07
4.080000000000217134e-03	4.568834521771208634e-07
4.120000000000222443e-03	4.327378780607037024e-07
4.160000000000227752e-03	4.023248179317254644e-07
4.200000000000233061e-03	4.107110728859429151e-07
4.240000000000238370e-03	4.329347451183905428e-07
4.280000000000243679e-03	4.696067960680638143e-07
4.320000000000248988e-03	5.042863638656063283e-07
4.360000000000254297e-03	5.044636707581101884e-07
4.400000000000259606e-03	4.870849785023743906e-07
4.440000000000264915e-03	4.458963563026755296e-07
4.480000000000270224e-03	4.098199217293162036e-07
4.520000000000275533e-03	3.836682380517511799e-07
4.560000000000280843e-03	3.742700093697985526e-07
4.600000000000286152e-03	3.698566422845294308e-07
4.640000000000291461e-03	3.475505431913044257e-07
4.680000000000296770e-03	3.269419946770460030e-07
4.720000000000302079e-03	2.940331109784642954e-07
4.760000000000307388e-03	2.556340334187482987e-07
4.800000000000312697e-03	2.119257859640501011e-07
4.840000000000318006e-03	1.680114573291402461e-07
4.880000000000323315e-03	1.193826067274459021e-07
4.920000000000328624e-03	5.932082222094678581e-08
4.960000000000333933e-03	-1.556144495385374339e-08
5.000000000000339243e-03	-7.566741678807867207e-08
5.040000000000344552e-03	-1.082770290157728355e-07
5.080000000000349861e-03	-1.354967959467136471e-07
5.120000000000355170e-03	-1.465619416891265077e-07
5.160000000000360479e-03	-1.748989102727688035e-07
5.200000000000365788e-03	-2.052656813398022097e-07
5.240000000000371097e-03	-2.448856036947339905e-07
5.280000000000376406e-03	-2.779782110564643549e-07
5.320000000000381715e-03	-2.991430890011620755e-07
5.360000000000387024e-03	-3.065403605402360516e-07
5.400000000000392333e-03	-3.175447056624798114e-07
5.440000000000397642e-03	-3.206604919430046869e-07
5.480000000000402952e-03	-3.205485414709699028e-07
5.520000000000408261e-03	-3.158758350708456498e-07
5.560000000000413570e-03	-2.978697950652590750e-07
5.600000000000418879e-03	-2.829799311721187075e-07
5.640000000000424188e-03	-2.764880881117129078e-07
5.680000000000429497e-03	-2.632492684197779578e-07
5.720000000000434806e-03	-2.758793944778796617e-07
5.760000000000440115e-03	-2.730977399967251435e-07
5.800000000000445424e-03	-2.635164423813726974e-07
5.840000000000450733e-03	-2.487134529720890870e-07
5.880000000000456042e-03	-2.255953509891252406e-07
5.920000000000461352e-03	-2.098991991611824286e-07
5.960000000000466661e-03	-1.801548130493212702e-07
6.000000000000471970e-03	-1.407400703754962079e-07
6.040000000000477279e-03	-8.131916496799195315e-08
6.080000000000482588e-03	-1.573566012711342523e-09
6.120000000000487897e-03	8.205585975700196923e-08
6.160000000000493206e-03	1.605251437302194332e-07
6.200000000000498515e-03	2.146787034349244928e-07
6.240000000000503824e-03	2.382324330801326465e-07
6.280000000000509133e-03	2.311257712101312893e-07
6.320000000000514442e-03	2.271387463435955914e-07
6.360000000000519751e-03	2.303229147346818846e-07
6.400000000000525061e-03	2.503443632456607320e-07
6.440000000000530370e-03	2.734432616777734927e-07
6.480000000000535679e-03	2.856178408840760131e-07
6.520000000000540988e-03	2.941044933560720172e-07
6.560000000000546297e-03	2.762392118459285625e-07
6.600000000000551606e-03	2.537208113932012723e-07
6.640000000000556915e-03	2.334498246094627440e-07
6.680000000000562224e-03	2.189683614629123912e-07
6.720000000000567533e-03	1.999320115192188684e-07
6.760000000000572842e-03	1.883886778615385982e-07
6.800000000000578151e-03	1.689384401180150707e-07
6.840000000000583461e-03	1.372367206737979708e-07
6.880000000000588770e-03	1.105690924363436016e-07
6.920000000000594079e-03	9.199168972731801310e-08
6.960000000000599388e-03	8.005165716750277134e-08
7.000000000000604697e-03	6.209997270259389590e-08
