0.000000000000000000e+00	-4.658387952762951110e-30
3.999999999999998294e-05	-3.003406199677381964e-08
7.999999999999987102e-05	-2.053150409623517985e-06
1.199999999999997591e-04	-6.344071224366309320e-06
1.599999999999996607e-04	-1.367870139255251617e-05
1.999999999999995488e-04	-2.265347663866240877e-05
2.399999999999994369e-04	-3.085294958457424357e-05
2.800000000000003007e-04	-3.546208170425902713e-05
3.200000000000012730e-04	-3.407637347526722279e-05
3.600000000000022453e-04	-2.711286988594845072e-05
4.000000000000032176e-04	-1.640882726684473827e-05
4.400000000000041898e-04	-5.434264075224102071e-06
4.800000000000051621e-04	3.075399692277181332e-06
5.200000000000061344e-04	7.969703120352305140e-06
5.600000000000071067e-04	9.419381437604482815e-06
6.000000000000080790e-04	9.077946031921177710e-06
6.400000000000090512e-04	8.246224476431829450e-06
6.800000000000100235e-04	8.522827887538824760e-06
7.200000000000109958e-04	8.868859481487280047e-06
7.600000000000119681e-04	9.788070018954396720e-06
8.000000000000129403e-04	1.051273755068593427e-05
8.400000000000139126e-04	1.111994205819711974e-05
8.800000000000148849e-04	1.149178648162007662e-05
9.200000000000158572e-04	1.145358619227762247e-05
9.600000000000168295e-04	1.134404233053828199e-05
1.000000000000015200e-03	1.088432809036680270e-05
1.040000000000011835e-03	1.043845314627970654e-05
1.080000000000008471e-03	9.745503902884768352e-06
1.120000000000005106e-03	8.879982780157875404e-06
1.160000000000001742e-03	7.999152016532472021e-06
1.199999999999998377e-03	7.035495214460884627e-06
1.239999999999995012e-03	6.095698547968007734e-06
1.279999999999991648e-03	5.209866677105793582e-06
1.319999999999988283e-03	4.496639531804061910e-06
1.359999999999984919e-03	3.821248967547097105e-06
1.399999999999981554e-03	3.189582857096897914e-06
1.439999999999978190e-03	2.697804326523369852e-06
1.479999999999974825e-03	2.271401733595898488e-06
1.519999999999971461e-03	1.902843743268385337e-06
1.559999999999968096e-03	1.570848233541764189e-06
1.599999999999964732e-03	1.103325383309437389e-06
1.639999999999961367e-03	4.894948964829152381e-07
1.679999999999958003e-03	-2.310626026322674735e-07
1.719999999999954638e-03	-1.026774359283948431e-06
1.759999999999951274e-03	-1.669224571882539005e-06
1.799999999999947909e-03	-2.081163076912710158e-06
1.839999999999944544e-03	-2.134963137013024718e-06
1.879999999999941180e-03	-1.859298293559531100e-06
1.919999999999937815e-03	-1.309146883754712936e-06
1.959999999999935752e-03	-5.320290285046104564e-07
1.999999999999941061e-03	2.637614905015441223e-07
2.039999999999946370e-03	9.032204114310827205e-07
2.079999999999951679e-03	1.313129325182916070e-06
2.119999999999956988e-03	1.353054342015433348e-06
2.159999999999962297e-03	1.095958316894925838e-06
2.199999999999967606e-03	6.100070521187354317e-07
2.239999999999972916e-03	6.709885236978085232e-08
2.279999999999978225e-03	-3.890498610005344034e-07
2.319999999999983534e-03	-7.540369937499923449e-07
2.359999999999988843e-03	-1.086879853024838816e-06
2.399999999999994152e-03	-1.393946806436704002e-06
2.439999999999999461e-03	-1.689966469641891666e-06
2.480000000000004770e-03	-1.885382420623740612e-06
2.520000000000010079e-03	-1.927391292368540784e-06
2.560000000000015388e-03	-1.790306125282235528e-06
2.600000000000020697e-03	-1.473962387823325370e-06
2.640000000000026006e-03	-1.131018559779285703e-06
2.680000000000031316e-03	-8.478862594000451769e-07
2.720000000000036625e-03	-6.818742267108345833e-07
2.760000000000041934e-03	-5.652977141026490431e-07
2.800000000000047243e-03	-4.574565334135947446e-07
2.840000000000052552e-03	-3.157331400230193286e-07
2.880000000000057861e-03	-1.246247764507904852e-07
2.920000000000063170e-03	5.081669272719559817e-08
2.960000000000068479e-03	1.713232945814687020e-07
3.000000000000073788e-03	1.961823750605011942e-07
3.040000000000079097e-03	1.438497838570545527e-07
3.080000000000084406e-03	8.186485139395053813e-08
3.120000000000089715e-03	-1.929470126064646956e-08
3.160000000000095025e-03	-1.132308869499738010e-07
3.200000000000100334e-03	-2.431544472263938428e-07
3.240000000000105643e-03	-4.197376421577944506e-07
3.280000000000110952e-03	-6.230098744096268648e-07
3.320000000000116261e-03	-7.679726692528042435e-07
3.360000000000121570e-03	-8.474245366437589008e-07
3.400000000000126879e-03	-8.062770004311520661e-07
3.440000000000132188e-03	-6.832147203515633644e-07
3.480000000000137497e-03	-4.921950196754414997e-07
3.520000000000142806e-03	-2.820753822091879408e-07
3.560000000000148115e-03	-1.322145057018382130e-07
3.600000000000153424e-03	2.354823548520814531e-08
3.640000000000158734e-03	1.364241926920669853e-07
3.680000000000164043e-03	2.196982641931504494e-07
3.720000000000169352e-03	2.961613659617711317e-07
3.760000000000174661e-03	3.642047359856537696e-07
3.800000000000179970e-03	4.113487348680885461e-07
3.840000000000185279e-03	4.213057930496440097e-07
3.880000000000190588e-03	3.924588665044158204e-07
3.920000000000195897e-03	3.349683084846249685e-07
3.960000000000201206e-03	2.273109078103488468e-07
4.000000000000206515e-03	1.492933179838965812e-07
4.040000000000211824e-03	1.267771901090124243e-07
4.080000000000217134e-03	1.748268216424118301e-07
4.120000000000222443e-03	3.212427800009049052e-07
4.160000000000227752e-03	5.056839105890512306e-07
4.200000000000233061e-03	6.865411173015660506e-07
4.240000000000238370e-03	8.322892002255418517e-07
4.280000000000243679e-03	8.818076622526100225e-07
4.320000000000248988e-03	8.454493799061446907e-07
4.360000000000254297e-03	7.116664897205218948e-07
4.400000000000259606e-03	5.250501770310403297e-07
4.440000000000264915e-03	3.511518363146985817e-07
4.480000000000270224e-03	1.802262350594307374e-07
4.520000000000275533e-03	8.246026198260616124e-08
4.560000000000280843e-03	5.602975022657973761e-08
4.600000000000286152e-03	6.584507602764710517e-08
4.640000000000291461e-03	1.386552689742791724e-07
4.680000000000296770e-03	1.809242683881549710e-07
4.720000000000302079e-03	2.144487624064942616e-07
4.760000000000307388e-03	1.989754643623976820e-07
4.800000000000312697e-03	1.411219164272373283e-07
4.840000000000318006e-03	3.749843003522181446e-08
4.880000000000323315e-03	-1.048168751671822690e-07
4.920000000000328624e-03	-2.422974971718892615e-07
4.960000000000333933e-03	-3.751681810062147962e-07
5.000000000000339243e-03	-4.689791446287376541e-07
5.040000000000344552e-03	-4.999754321499369092e-07
5.080000000000349861e-03	-4.942620203283646590e-07
5.120000000000355170e-03	-4.335692536709657414e-07
5.160000000000360479e-03	-3.691678464074619017e-07
5.200000000000365788e-03	-2.765125251570381415e-07
5.240000000000371097e-03	-2.120037359925104741e-07
5.280000000000376406e-03	-1.290499729335404074e-07
5.320000000000381715e-03	-4.991783572949393169e-08
5.360000000000387024e-03	2.947323439823855583e-08
5.400000000000392333e-03	8.110365931057224348e-08
5.440000000000397642e-03	1.059815566932319668e-07
5.480000000000402952e-03	1.110525694382429820e-07
5.520000000000408261e-03	5.955768363128905436e-08
5.560000000000413570e-03	2.972536459165354933e-08
5.600000000000418879e-03	-5.043080126739722500e-09
5.640000000000424188e-03	-1.251015476302348366e-08
5.680000000000429497e-03	-9.053322518031705511e-09
5.720000000000434806e-03	-2.709411688470289284e-08
5.760000000000440115e-03	-1.098785228185987268e-08
5.800000000000445424e-03	-2.378193051878271753e-08
5.840000000000450733e-03	-3.421654865590684017e-09
5.880000000000456042e-03	2.047872368978322479e-08
5.920000000000461352e-03	5.400112002632156222e-08
5.960000000000466661e-03	9.071658985223580310e-08
6.000000000000471970e-03	9.382912835569473124e-08
6.040000000000477279e-03	9.301031588804723700e-08
6.080000000000482588e-03	7.904906368688649144e-08
6.120000000000487897e-03	7.750274144736100966e-08
6.160000000000493206e-03	9.019100847220696417e-08
6.200000000000498515e-03	1.082026524081446267e-07
6.240000000000503824e-03	1.202154019876137021e-07
6.280000000000509133e-03	1.107186732954514765e-07
6.320000000000514442e-03	8.938787363643013815e-08
6.360000000000519751e-03	6.220708180846970615e-08
6.400000000000525061e-03	3.407557046971157479e-08
6.440000000000530370e-03	2.819789139322534502e-08
6.480000000000535679e-03	9.386572564092982327e-09
6.520000000000540988e-03	-1.119789324480207343e-08
6.560000000000546297e-03	-3.736806933388919075e-08
6.600000000000551606e-03	-7.151399634049848302e-08
6.640000000000556915e-03	-8.268493506972663192e-08
6.680000000000562224e-03	-8.732067767377546591e-08
6.720000000000567533e-03	-5.436520753968673189e-08
6.760000000000572842e-03	-2.755220336449620321e-08
6.800000000000578151e-03	2.186407237910541742e-08
6.840000000000583461e-03	4.278291290664736936e-08
6.880000000000588770e-03	6.694253974477570327e-08
6.920000000000594079e-03	9.878347987718448363e-08
6.960000000000599388e-03	1.086802411511587123e-07
7.000000000000604697e-03	1.233854609438974816e-07
