0.000000000000000000e+00	-1.231298516411329321e-30
3.999999999999998294e-05	-2.775363364060304767e-08
7.999999999999987102e-05	-2.042560448902576529e-06
1.199999999999997591e-04	-6.328151212657943303e-06
1.599999999999996607e-04	-1.368224213268949075e-05
1.999999999999995488e-04	-2.264880809914905635e-05
2.399999999999994369e-04	-3.073333711843648404e-05
2.800000000000003007e-04	-3.517257028095484577e-05
3.200000000000012730e-04	-3.370864264594313040e-05
3.600000000000022453e-04	-2.679758019476634017e-05
4.000000000000032176e-04	-1.633033696490622869e-05
4.400000000000041898e-04	-5.824168357648039029e-06
4.800000000000051621e-04	2.033732629422408761e-06
5.200000000000061344e-04	6.166828488213027919e-06
5.600000000000071067e-04	6.888081856737785600e-06
6.000000000000080790e-04	5.983603104204337396e-06
6.400000000000090512e-04	4.805628385733969445e-06
6.800000000000100235e-04	4.980892530070589861e-06
7.200000000000109958e-04	5.457207939133474740e-06
7.600000000000119681e-04	6.565673522248787943e-06
8.000000000000129403e-04	7.447167911100994061e-06
8.400000000000139126e-04	8.175039480140550439e-06
8.800000000000148849e-04	8.586010466232095600e-06
9.200000000000158572e-04	8.742290939866713319e-06
9.600000000000168295e-04	8.933460620317996474e-06
1.000000000000015200e-03	8.988515163212657414e-06
1.040000000000011835e-03	9.188876690321765961e-06
1.080000000000008471e-03	9.240685875397421084e-06
1.120000000000005106e-03	9.132631073308759584e-06
1.160000000000001742e-03	8.893678503007301130e-06
1.199999999999998377e-03	8.446363115383368237e-06
1.239999999999995012e-03	8.068989108217676496e-06
1.279999999999991648e-03	7.605095907505990287e-06
1.319999999999988283e-03	7.161978803962916873e-06
1.359999999999984919e-03	6.616991015116741936e-06
1.399999999999981554e-03	5.967267111802733382e-06
1.439999999999978190e-03	5.260570793266040674e-06
1.479999999999974825e-03	4.570676855454885204e-06
1.519999999999971461e-03	3.944849511044060579e-06
1.559999999999968096e-03	3.496535351167111042e-06
1.599999999999964732e-03	3.229164986025268448e-06
1.639999999999961367e-03	3.082275833451025154e-06
1.679999999999958003e-03	2.977892791487783939e-06
1.719999999999954638e-03	2.930190140332785838e-06
1.759999999999951274e-03	2.833503605050285284e-06
1.799999999999947909e-03	2.705249806912536115e-06
1.839999999999944544e-03	2.542851685281350683e-06
1.879999999999941180e-03	2.281129370400894007e-06
1.919999999999937815e-03	1.954210666376508482e-06
1.959999999999935752e-03	1.525748226360175017e-06
1.999999999999941061e-03	1.192606539128856080e-06
2.039999999999946370e-03	8.654633930153294915e-07
2.079999999999951679e-03	7.079505041633559800e-07
2.119999999999956988e-03	6.534339678173485049e-07
2.159999999999962297e-03	5.741883665557108779e-07
2.199999999999967606e-03	4.552329350979531531e-07
2.239999999999972916e-03	2.183925661846192511e-07
2.279999999999978225e-03	-8.541541459408742285e-08
2.319999999999983534e-03	-4.788474130541540082e-07
2.359999999999988843e-03	-9.487294218792853314e-07
2.399999999999994152e-03	-1.471519537940941424e-06
2.439999999999999461e-03	-2.045150954727628922e-06
2.480000000000004770e-03	-2.516333115405663459e-06
2.520000000000010079e-03	-2.886426546503248489e-06
2.560000000000015388e-03	-2.929227652019308313e-06
2.600000000000020697e-03	-2.709251711194937754e-06
2.640000000000026006e-03	-2.224720753703810115e-06
2.680000000000031316e-03	-1.677181851327100756e-06
2.720000000000036625e-03	-1.170690313340920789e-06
2.760000000000041934e-03	-7.829433356296144352e-07
2.800000000000047243e-03	-5.900245447166757988e-07
2.840000000000052552e-03	-5.289075861795111837e-07
2.880000000000057861e-03	-5.761108102743048589e-07
2.920000000000063170e-03	-7.095348029711701555e-07
2.960000000000068479e-03	-8.906665613709590716e-07
3.000000000000073788e-03	-1.096152975733846235e-06
3.040000000000079097e-03	-1.323192380825068519e-06
3.080000000000084406e-03	-1.479011164528832733e-06
3.120000000000089715e-03	-1.582668456025588264e-06
3.160000000000095025e-03	-1.592508129604991112e-06
3.200000000000100334e-03	-1.532857552737338094e-06
3.240000000000105643e-03	-1.469413225866519231e-06
3.280000000000110952e-03	-1.397829006511673080e-06
3.320000000000116261e-03	-1.403808306438265082e-06
3.360000000000121570e-03	-1.450371249664697579e-06
3.400000000000126879e-03	-1.532439032294593465e-06
3.440000000000132188e-03	-1.571962084553176510e-06
3.480000000000137497e-03	-1.556814674146146790e-06
3.520000000000142806e-03	-1.435820329133518469e-06
3.560000000000148115e-03	-1.266307358435872633e-06
3.600000000000153424e-03	-1.084995341543558117e-06
3.640000000000158734e-03	-9.231539047381012064e-07
3.680000000000164043e-03	-8.417433746839563696e-07
3.720000000000169352e-03	-7.841259417985202081e-07
3.760000000000174661e-03	-7.179419638664216462e-07
3.800000000000179970e-03	-6.015096758309797968e-07
3.840000000000185279e-03	-4.219834765805679563e-07
3.880000000000190588e-03	-1.675155959217865323e-07
3.920000000000195897e-03	1.335828967305087744e-07
3.960000000000201206e-03	4.429129227267961425e-07
4.000000000000206515e-03	7.176887215745087610e-07
4.040000000000211824e-03	9.938061053045898010e-07
4.080000000000217134e-03	1.215046956043644524e-06
4.120000000000222443e-03	1.424796237087373257e-06
4.160000000000227752e-03	1.538370055362335990e-06
4.200000000000233061e-03	1.593240003507248012e-06
4.240000000000238370e-03	1.577588711170144530e-06
4.280000000000243679e-03	1.481044844746272159e-06
4.320000000000248988e-03	1.377735205852876916e-06
4.360000000000254297e-03	1.232097405238749191e-06
4.400000000000259606e-03	1.130390261372005164e-06
4.440000000000264915e-03	1.000403165211035219e-06
4.480000000000270224e-03	9.018362911561743729e-07
4.520000000000275533e-03	7.985263874656625706e-07
4.560000000000280843e-03	6.968042742966268999e-07
4.600000000000286152e-03	6.284284250092251159e-07
4.640000000000291461e-03	5.144055465056760240e-07
4.680000000000296770e-03	4.318885262363855987e-07
4.720000000000302079e-03	3.413706629165115773e-07
4.760000000000307388e-03	2.745360041195593146e-07
4.800000000000312697e-03	2.620283423519584341e-07
4.840000000000318006e-03	2.979689568769164140e-07
4.880000000000323315e-03	4.137874924835295614e-07
4.920000000000328624e-03	5.489638791198172599e-07
4.960000000000333933e-03	6.893619688532049773e-07
5.000000000000339243e-03	7.752774414200148653e-07
5.040000000000344552e-03	7.975037957155577535e-07
5.080000000000349861e-03	7.327843134867065637e-07
5.120000000000355170e-03	6.133758313745559793e-07
5.160000000000360479e-03	4.751263776589225799e-07
5.200000000000365788e-03	3.228027308505500485e-07
5.240000000000371097e-03	2.197602029992358694e-07
5.280000000000376406e-03	1.444834116562281279e-07
5.320000000000381715e-03	7.432529630161497318e-08
5.360000000000387024e-03	4.098318768704756828e-08
5.400000000000392333e-03	2.713018901796825990e-09
5.440000000000397642e-03	-3.279989753311372205e-08
5.480000000000402952e-03	-7.677368191774899238e-08
5.520000000000408261e-03	-1.284695880494286863e-07
5.560000000000413570e-03	-1.814201149572611390e-07
5.600000000000418879e-03	-2.732247000237714603e-07
5.640000000000424188e-03	-3.830577596158643290e-07
5.680000000000429497e-03	-5.106351093231222289e-07
5.720000000000434806e-03	-6.308698070450235319e-07
5.760000000000440115e-03	-7.220204347154549969e-07
5.800000000000445424e-03	-7.687950355542583823e-07
5.840000000000450733e-03	-7.589532303302338143e-07
5.880000000000456042e-03	-7.253378525577409662e-07
5.920000000000461352e-03	-6.615002189966538901e-07
5.960000000000466661e-03	-6.109862887710759841e-07
6.000000000000471970e-03	-5.694928447660241913e-07
6.040000000000477279e-03	-5.404504594452783609e-07
6.080000000000482588e-03	-5.116931026690985103e-07
6.120000000000487897e-03	-4.710440113271080366e-07
6.160000000000493206e-03	-4.244722223684339761e-07
6.200000000000498515e-03	-3.615286357077731144e-07
6.240000000000503824e-03	-3.145423655137056424e-07
6.280000000000509133e-03	-2.621009863380155132e-07
6.320000000000514442e-03	-2.219588079988874231e-07
6.360000000000519751e-03	-1.944490014356890782e-07
6.400000000000525061e-03	-1.531579253242750428e-07
6.440000000000530370e-03	-1.133008191066669336e-07
6.480000000000535679e-03	-5.949319541654006018e-08
6.520000000000540988e-03	3.782242254246919649e-09
6.560000000000546297e-03	6.375008933996301654e-08
6.600000000000551606e-03	1.029567187398352065e-07
6.640000000000556915e-03	1.536214339652731404e-07
6.680000000000562224e-03	1.778299932842572949e-07
6.720000000000567533e-03	2.074850280299197220e-07
6.760000000000572842e-03	2.135162344698359602e-07
6.800000000000578151e-03	2.077840803502532343e-07
6.840000000000583461e-03	2.070118916612398729e-07
6.880000000000588770e-03	1.874990491380772191e-07
6.920000000000594079e-03	1.569321837275971136e-07
6.960000000000599388e-03	1.236191957036753831e-07
7.000000000000604697e-03	9.836016050057984883e-08
