0.000000000000000000e+00	-1.021158866163660125e-30
3.999999999999998294e-05	-3.243669189311647486e-08
7.999999999999987102e-05	-2.059115603244010144e-06
1.199999999999997591e-04	-6.348383762724238827e-06
1.599999999999996607e-04	-1.369833290769736036e-05
1.999999999999995488e-04	-2.263405247582737451e-05
2.399999999999994369e-04	-3.071642208529140296e-05
2.800000000000003007e-04	-3.500970261691425830e-05
3.200000000000012730e-04	-3.338992800092679654e-05
3.600000000000022453e-04	-2.617308142694181714e-05
4.000000000000032176e-04	-1.551102451312312693e-05
4.400000000000041898e-04	-4.806148783247155809e-06
4.800000000000051621e-04	3.194781868558454934e-06
5.200000000000061344e-04	7.366039648998956891e-06
5.600000000000071067e-04	8.290449796081345729e-06
6.000000000000080790e-04	7.505887297768874228e-06
6.400000000000090512e-04	6.514143954718479617e-06
6.800000000000100235e-04	6.784246524699337488e-06
7.200000000000109958e-04	7.257363355291982757e-06
7.600000000000119681e-04	8.367937721640000199e-06
8.000000000000129403e-04	9.171521575572110830e-06
8.400000000000139126e-04	9.902834909455417192e-06
8.800000000000148849e-04	1.031355514867023955e-05
9.200000000000158572e-04	1.035365090220178914e-05
9.600000000000168295e-04	1.028393653525144087e-05
1.000000000000015200e-03	1.002747079762947420e-05
1.040000000000011835e-03	9.804600639231527559e-06
1.080000000000008471e-03	9.623337636666581458e-06
1.120000000000005106e-03	9.453707371864136620e-06
1.160000000000001742e-03	9.339452433663306247e-06
1.199999999999998377e-03	9.111458511944633889e-06
1.239999999999995012e-03	8.752912939726657825e-06
1.279999999999991648e-03	8.136351199057914439e-06
1.319999999999988283e-03	7.311372817538814562e-06
1.359999999999984919e-03	6.257926728475062892e-06
1.399999999999981554e-03	5.139933175687320939e-06
1.439999999999978190e-03	4.009112041127128875e-06
1.479999999999974825e-03	2.971202469132631793e-06
1.519999999999971461e-03	2.096703405952302776e-06
1.559999999999968096e-03	1.372514326682200622e-06
1.599999999999964732e-03	8.012320420175930110e-07
1.639999999999961367e-03	3.871645202440921501e-07
1.679999999999958003e-03	1.276887802003513190e-07
1.719999999999954638e-03	-5.683726748084855089e-08
1.759999999999951274e-03	-2.180354685196233036e-07
1.799999999999947909e-03	-4.100075525740061875e-07
1.839999999999944544e-03	-6.027663371980406877e-07
1.879999999999941180e-03	-8.024682498783481386e-07
1.919999999999937815e-03	-8.820399221524613353e-07
1.959999999999935752e-03	-9.364572664215578600e-07
1.999999999999941061e-03	-9.191724702869382387e-07
2.039999999999946370e-03	-9.475058322137319431e-07
2.079999999999951679e-03	-1.064675073948895273e-06
2.119999999999956988e-03	-1.233098605585932307e-06
2.159999999999962297e-03	-1.466137248197433263e-06
2.199999999999967606e-03	-1.600682171964492274e-06
2.239999999999972916e-03	-1.638665815797517156e-06
2.279999999999978225e-03	-1.573581400258654145e-06
2.319999999999983534e-03	-1.386781101783220613e-06
2.359999999999988843e-03	-1.238030491964097781e-06
2.399999999999994152e-03	-1.101062071452194768e-06
2.439999999999999461e-03	-1.032423453808331067e-06
2.480000000000004770e-03	-9.823743719585571185e-07
2.520000000000010079e-03	-9.808259049977204726e-07
2.560000000000015388e-03	-9.732698522064310068e-07
2.600000000000020697e-03	-9.449320365259757019e-07
2.640000000000026006e-03	-9.113700068180015377e-07
2.680000000000031316e-03	-8.612103464643344138e-07
2.720000000000036625e-03	-7.801098050343392942e-07
2.760000000000041934e-03	-6.629353223086697679e-07
2.800000000000047243e-03	-5.446958182565380339e-07
2.840000000000052552e-03	-4.338073071080379572e-07
2.880000000000057861e-03	-2.989809908727024254e-07
2.920000000000063170e-03	-2.133054059471095491e-07
2.960000000000068479e-03	-9.005070885380282141e-08
3.000000000000073788e-03	8.458450809205871845e-09
3.040000000000079097e-03	8.854771494655851257e-08
3.080000000000084406e-03	1.687370987789326851e-07
3.120000000000089715e-03	1.761612322248405344e-07
3.160000000000095025e-03	1.310183406849326041e-07
3.200000000000100334e-03	2.727738162231963171e-08
3.240000000000105643e-03	-9.412909900828922040e-08
3.280000000000110952e-03	-1.873208789691135240e-07
3.320000000000116261e-03	-2.754744793377176603e-07
3.360000000000121570e-03	-3.399931132193606012e-07
3.400000000000126879e-03	-3.931232698259633887e-07
3.440000000000132188e-03	-4.416869099874083201e-07
3.480000000000137497e-03	-4.493888991332270122e-07
3.520000000000142806e-03	-4.112757983356248060e-07
3.560000000000148115e-03	-2.820131221684770945e-07
3.600000000000153424e-03	-1.338997987526516755e-07
3.640000000000158734e-03	4.314072267200559576e-09
3.680000000000164043e-03	5.908669211433960051e-08
3.720000000000169352e-03	-2.452279586061612124e-08
3.760000000000174661e-03	-2.004976955527102320e-07
3.800000000000179970e-03	-4.026516598495838450e-07
3.840000000000185279e-03	-5.747393125752915057e-07
3.880000000000190588e-03	-6.318674348856200249e-07
3.920000000000195897e-03	-5.506405101818709537e-07
3.960000000000201206e-03	-3.679923346491159678e-07
4.000000000000206515e-03	-1.134300683369264783e-07
4.040000000000211824e-03	1.932473572622284646e-07
4.080000000000217134e-03	4.761859278887315055e-07
4.120000000000222443e-03	7.829236115862165160e-07
4.160000000000227752e-03	1.027025520820321452e-06
4.200000000000233061e-03	1.210816143489062765e-06
4.240000000000238370e-03	1.303152588881538353e-06
4.280000000000243679e-03	1.275565626635312346e-06
4.320000000000248988e-03	1.214210654271084485e-06
4.360000000000254297e-03	1.071987629199667458e-06
4.400000000000259606e-03	9.314757398670029950e-07
4.440000000000264915e-03	8.366135939148559695e-07
4.480000000000270224e-03	7.539592325122348397e-07
4.520000000000275533e-03	6.768132714315065262e-07
4.560000000000280843e-03	5.729895236141954099e-07
4.600000000000286152e-03	4.685964960332139042e-07
4.640000000000291461e-03	3.538397217620824159e-07
4.680000000000296770e-03	2.361174077980927236e-07
4.720000000000302079e-03	1.478253187824415009e-07
4.760000000000307388e-03	7.117080672644214392e-08
4.800000000000312697e-03	2.553734048319005874e-08
4.840000000000318006e-03	-2.345785860955849742e-08
4.880000000000323315e-03	-6.499546443480915295e-08
4.920000000000328624e-03	-1.218782207499730352e-07
4.960000000000333933e-03	-1.610389386076008772e-07
5.000000000000339243e-03	-2.093469579628161354e-07
5.040000000000344552e-03	-2.500231230809439088e-07
5.080000000000349861e-03	-3.180500155395159092e-07
5.120000000000355170e-03	-3.918481253023250967e-07
5.160000000000360479e-03	-4.628874735576997038e-07
5.200000000000365788e-03	-5.225774198880074441e-07
5.240000000000371097e-03	-5.652219917387780579e-07
5.280000000000376406e-03	-5.702783230036582294e-07
5.320000000000381715e-03	-5.485316291159801803e-07
5.360000000000387024e-03	-4.874334600929798875e-07
5.400000000000392333e-03	-4.085502229988739265e-07
5.440000000000397642e-03	-3.107624273756624216e-07
5.480000000000402952e-03	-1.920263207086044417e-07
5.520000000000408261e-03	-7.879387918439147097e-08
5.560000000000413570e-03	7.198963596707860489e-09
5.600000000000418879e-03	6.164673795102626088e-08
5.640000000000424188e-03	6.818293639691072068e-08
5.680000000000429497e-03	5.109494019952503229e-08
5.720000000000434806e-03	5.791897440065366911e-10
5.760000000000440115e-03	-4.025203610704920867e-08
5.800000000000445424e-03	-5.987532040957022958e-08
5.840000000000450733e-03	-6.629624084761815167e-08
5.880000000000456042e-03	-4.972010442130377005e-08
5.920000000000461352e-03	-3.610532165808465701e-08
5.960000000000466661e-03	-3.128960677571267159e-08
6.000000000000471970e-03	-3.345868070247899858e-08
6.040000000000477279e-03	-1.923697920423559036e-08
6.080000000000482588e-03	-4.820139208359217627e-09
6.120000000000487897e-03	1.966948972747388214e-08
6.160000000000493206e-03	6.733149864332152588e-08
6.200000000000498515e-03	1.055380647599894418e-07
6.240000000000503824e-03	1.293509233650272240e-07
6.280000000000509133e-03	1.345633274991324617e-07
6.320000000000514442e-03	1.201757602707876253e-07
6.360000000000519751e-03	1.161644050308180304e-07
6.400000000000525061e-03	8.976740092573712536e-08
6.440000000000530370e-03	6.021892009922022754e-08
6.480000000000535679e-03	3.245682142530938090e-08
6.520000000000540988e-03	6.094841227134183464e-09
6.560000000000546297e-03	-8.375331782639582072e-09
6.600000000000551606e-03	-3.255179437470587886e-09
6.640000000000556915e-03	2.399632475666910934e-08
6.680000000000562224e-03	6.071934574473117663e-08
6.720000000000567533e-03	1.216935651375345277e-07
6.760000000000572842e-03	1.488029695031345589e-07
6.800000000000578151e-03	1.775714691643861487e-07
6.840000000000583461e-03	1.834125633455865364e-07
6.880000000000588770e-03	1.585413297894928533e-07
6.920000000000594079e-03	1.496416403618169545e-07
6.960000000000599388e-03	1.186202279960296052e-07
7.000000000000604697e-03	8.895891099272802772e-08
