0.000000000000000000e+00	-2.251712203038183313e-30
3.999999999999998294e-05	-3.145961957893970662e-08
7.999999999999987102e-05	-2.060515439194694549e-06
1.199999999999997591e-04	-6.434913833599718486e-06
1.599999999999996607e-04	-1.386527270593030690e-05
1.999999999999995488e-04	-2.332352497220101524e-05
2.399999999999994369e-04	-3.223506287476353383e-05
2.800000000000003007e-04	-3.789214603598583744e-05
3.200000000000012730e-04	-3.792753285055877935e-05
3.600000000000022453e-04	-3.208715391893591205e-05
4.000000000000032176e-04	-2.186969083138061966e-05
4.400000000000041898e-04	-1.028598246547472860e-05
4.800000000000051621e-04	-5.460394020047515033e-09
5.200000000000061344e-04	7.243751971378846867e-06
5.600000000000071067e-04	1.130964406391275885e-05
6.000000000000080790e-04	1.298636001871763289e-05
6.400000000000090512e-04	1.336910400082647688e-05
6.800000000000100235e-04	1.397905123369353294e-05
7.200000000000109958e-04	1.415549012683637156e-05
7.600000000000119681e-04	1.456125284074770463e-05
8.000000000000129403e-04	1.470699159648367993e-05
8.400000000000139126e-04	1.461399498632308165e-05
8.800000000000148849e-04	1.430007974227305387e-05
9.200000000000158572e-04	1.358474732457222821e-05
9.600000000000168295e-04	1.275934609327707484e-05
1.000000000000015200e-03	1.191420495877327055e-05
1.040000000000011835e-03	1.107843573240111003e-05
1.080000000000008471e-03	1.012128646636344300e-05
1.120000000000005106e-03	9.023404020533288183e-06
1.160000000000001742e-03	7.709316654714881925e-06
1.199999999999998377e-03	6.449468859816279349e-06
1.239999999999995012e-03	5.297272705102592278e-06
1.279999999999991648e-03	4.320965578578231355e-06
1.319999999999988283e-03	3.496726761167753077e-06
1.359999999999984919e-03	2.673162853011519134e-06
1.399999999999981554e-03	1.899534915832772623e-06
1.439999999999978190e-03	1.205920450556630063e-06
1.479999999999974825e-03	6.150705894704135980e-07
1.519999999999971461e-03	2.630808531309123512e-07
1.559999999999968096e-03	6.230125144673469931e-08
1.599999999999964732e-03	-7.653127864651380679e-08
1.639999999999961367e-03	-3.259943030307839976e-07
1.679999999999958003e-03	-7.100743783348863384e-07
1.719999999999954638e-03	-1.137913943811646676e-06
1.759999999999951274e-03	-1.445447199329904900e-06
1.799999999999947909e-03	-1.588775266382536592e-06
1.839999999999944544e-03	-1.544029159547153594e-06
1.879999999999941180e-03	-1.417908039646456024e-06
1.919999999999937815e-03	-1.329586668389912208e-06
1.959999999999935752e-03	-1.323408989713306140e-06
1.999999999999941061e-03	-1.360310010161617294e-06
2.039999999999946370e-03	-1.312505284167492755e-06
2.079999999999951679e-03	-1.118660990399968882e-06
2.119999999999956988e-03	-8.416201294092048790e-07
2.159999999999962297e-03	-5.474041911943399579e-07
2.199999999999967606e-03	-3.634086477939573451e-07
2.239999999999972916e-03	-2.888910578719675434e-07
2.279999999999978225e-03	-3.016647748710964873e-07
2.319999999999983534e-03	-2.786509093728678067e-07
2.359999999999988843e-03	-1.714572606590922328e-07
2.399999999999994152e-03	-1.508858295540180924e-08
2.439999999999999461e-03	1.518053266266447879e-07
2.480000000000004770e-03	2.446851955707831468e-07
2.520000000000010079e-03	2.365684505462530786e-07
2.560000000000015388e-03	1.393083269759512134e-07
2.600000000000020697e-03	-1.230572156683016835e-09
2.640000000000026006e-03	-1.569316159850306269e-07
2.680000000000031316e-03	-3.210593539951431430e-07
2.720000000000036625e-03	-4.627770784145231083e-07
2.760000000000041934e-03	-5.754308607876221171e-07
2.800000000000047243e-03	-6.635477734125352779e-07
2.840000000000052552e-03	-7.203951052976863909e-07
2.880000000000057861e-03	-7.386756673902754592e-07
2.920000000000063170e-03	-7.618378222229619798e-07
2.960000000000068479e-03	-8.017983711881443479e-07
3.000000000000073788e-03	-8.578433791845892174e-07
3.040000000000079097e-03	-9.310577538541338649e-07
3.080000000000084406e-03	-9.947764875163556586e-07
3.120000000000089715e-03	-1.057218891305628798e-06
3.160000000000095025e-03	-1.070632435919572840e-06
3.200000000000100334e-03	-1.011990793893023623e-06
3.240000000000105643e-03	-8.824076990455209164e-07
3.280000000000110952e-03	-6.541110423498214772e-07
3.320000000000116261e-03	-3.653336766241771463e-07
3.360000000000121570e-03	-7.586837929951603808e-08
3.400000000000126879e-03	1.571843615726534579e-07
3.440000000000132188e-03	3.050529001892030000e-07
3.480000000000137497e-03	3.797508626915419966e-07
3.520000000000142806e-03	4.128340525806677200e-07
3.560000000000148115e-03	3.942807777462773396e-07
3.600000000000153424e-03	4.150061984063271386e-07
3.640000000000158734e-03	4.323217242576622904e-07
3.680000000000164043e-03	4.621015668981067624e-07
3.720000000000169352e-03	4.783479781102287542e-07
3.760000000000174661e-03	5.011941507138540854e-07
3.800000000000179970e-03	5.215646945238941665e-07
3.840000000000185279e-03	5.504263619811559235e-07
3.880000000000190588e-03	5.996424374968830139e-07
3.920000000000195897e-03	6.389237343151662943e-07
3.960000000000201206e-03	6.874244116461251070e-07
4.000000000000206515e-03	7.157431147609213499e-07
4.040000000000211824e-03	7.329457231445980054e-07
4.080000000000217134e-03	7.044976920178163661e-07
4.120000000000222443e-03	6.351751061462507028e-07
4.160000000000227752e-03	5.574128766446542934e-07
4.200000000000233061e-03	4.468530206111066412e-07
4.240000000000238370e-03	3.279927111560185999e-07
4.280000000000243679e-03	2.162554262878445429e-07
4.320000000000248988e-03	1.327599313536639099e-07
4.360000000000254297e-03	6.859347296714145396e-08
4.400000000000259606e-03	2.179468122798108348e-08
4.440000000000264915e-03	-1.160149576421540570e-08
4.480000000000270224e-03	-2.074995471756601838e-08
4.520000000000275533e-03	-2.582376116997067707e-08
4.560000000000280843e-03	-2.205677156043571661e-08
4.600000000000286152e-03	-2.680278320084635357e-08
4.640000000000291461e-03	-3.003508850731634042e-08
4.680000000000296770e-03	-3.302307854803250958e-08
4.720000000000302079e-03	-3.857632345553402243e-08
4.760000000000307388e-03	-5.687787238714100144e-08
4.800000000000312697e-03	-3.358751128817916632e-08
4.840000000000318006e-03	-2.019790655134125592e-08
4.880000000000323315e-03	7.414784278197394102e-10
4.920000000000328624e-03	1.181962183460893525e-08
4.960000000000333933e-03	3.876437029230502114e-09
5.000000000000339243e-03	-1.724273499506450695e-08
5.040000000000344552e-03	-5.031994398967762500e-08
5.080000000000349861e-03	-8.365434227161043092e-08
5.120000000000355170e-03	-1.049278745641942511e-07
5.160000000000360479e-03	-1.140471459214554444e-07
5.200000000000365788e-03	-1.277889116826034722e-07
5.240000000000371097e-03	-1.314844471323594544e-07
5.280000000000376406e-03	-1.571871516129101373e-07
5.320000000000381715e-03	-1.719810898659242587e-07
5.360000000000387024e-03	-1.757761824402398656e-07
5.400000000000392333e-03	-1.929043291183638749e-07
5.440000000000397642e-03	-1.779760555508858165e-07
5.480000000000402952e-03	-1.583465198181921212e-07
5.520000000000408261e-03	-1.170891238745686582e-07
5.560000000000413570e-03	-8.594898203644431892e-08
5.600000000000418879e-03	-4.750277511370128537e-08
5.640000000000424188e-03	-2.778738288527335008e-08
5.680000000000429497e-03	-3.066282926832351701e-08
5.720000000000434806e-03	-5.265506123010889486e-08
5.760000000000440115e-03	-8.544638751704959439e-08
5.800000000000445424e-03	-1.116732425442458146e-07
5.840000000000450733e-03	-1.477625735085605508e-07
5.880000000000456042e-03	-1.561503922204195172e-07
5.920000000000461352e-03	-1.615253153808201268e-07
5.960000000000466661e-03	-1.692027602195787194e-07
6.000000000000471970e-03	-1.570445300176599522e-07
6.040000000000477279e-03	-1.444489125954103988e-07
6.080000000000482588e-03	-1.119848896473096466e-07
6.120000000000487897e-03	-7.958967408766472900e-08
6.160000000000493206e-03	-3.444700606968308375e-08
6.200000000000498515e-03	1.777387985337512830e-08
6.240000000000503824e-03	6.465326873340336757e-08
6.280000000000509133e-03	1.233822483739254067e-07
6.320000000000514442e-03	1.864655555751957991e-07
6.360000000000519751e-03	2.398753965270313935e-07
6.400000000000525061e-03	2.827490093573817483e-07
6.440000000000530370e-03	3.165660164723962923e-07
6.480000000000535679e-03	3.393852279326114065e-07
6.520000000000540988e-03	3.447373518037923136e-07
6.560000000000546297e-03	3.366051233069230089e-07
6.600000000000551606e-03	3.385578893739048019e-07
6.640000000000556915e-03	3.159856340122141659e-07
6.680000000000562224e-03	2.761330506456051486e-07
6.720000000000567533e-03	2.161857898812084006e-07
6.760000000000572842e-03	1.393062695222814548e-07
6.800000000000578151e-03	4.699745292271882093e-08
6.840000000000583461e-03	-3.232077460964885636e-08
6.880000000000588770e-03	-1.070757048733418273e-07
6.920000000000594079e-03	-1.694451140036908761e-07
6.960000000000599388e-03	-2.161400305559793023e-07
7.000000000000604697e-03	-2.449537177161393214e-07
