0.000000000000000000e+00	-4.804286362357382828e-31
3.999999999999998294e-05	-2.994675037707641972e-08
7.999999999999987102e-05	-2.045850419359121221e-06
1.199999999999997591e-04	-6.327108920262713319e-06
1.599999999999996607e-04	-1.366257661796759755e-05
1.999999999999995488e-04	-2.261044614689180867e-05
2.399999999999994369e-04	-3.068642181286265113e-05
2.800000000000003007e-04	-3.501216718047131277e-05
3.200000000000012730e-04	-3.338369818799591816e-05
3.600000000000022453e-04	-2.614639680729924492e-05
4.000000000000032176e-04	-1.532173290176990044e-05
4.400000000000041898e-04	-4.339712877792790811e-06
4.800000000000051621e-04	4.039193385440262577e-06
5.200000000000061344e-04	8.651636666304511007e-06
5.600000000000071067e-04	9.875269228065855856e-06
6.000000000000080790e-04	9.193940842560592558e-06
6.400000000000090512e-04	7.943100566767075536e-06
6.800000000000100235e-04	7.667052588519076401e-06
7.200000000000109958e-04	7.428938282669507432e-06
7.600000000000119681e-04	7.691535046577575925e-06
8.000000000000129403e-04	7.834800940001519955e-06
8.400000000000139126e-04	7.992950390874208511e-06
8.800000000000148849e-04	8.047411817102259119e-06
9.200000000000158572e-04	7.964407484562145245e-06
9.600000000000168295e-04	7.901154384389081581e-06
1.000000000000015200e-03	7.768194239067210765e-06
1.040000000000011835e-03	7.712318090301753816e-06
1.080000000000008471e-03	7.653958612388545986e-06
1.120000000000005106e-03	7.472689566085837572e-06
1.160000000000001742e-03	7.150335684867618624e-06
1.199999999999998377e-03	6.792529783712330056e-06
1.239999999999995012e-03	6.479963013284488068e-06
1.279999999999991648e-03	6.247953723457158179e-06
1.319999999999988283e-03	6.211384617416475873e-06
1.359999999999984919e-03	6.231993073311029199e-06
1.399999999999981554e-03	6.296512911677016194e-06
1.439999999999978190e-03	6.271485630522304842e-06
1.479999999999974825e-03	6.031793167982398013e-06
1.519999999999971461e-03	5.647907010292069217e-06
1.559999999999968096e-03	5.074650926058451156e-06
1.599999999999964732e-03	4.332180776344156621e-06
1.639999999999961367e-03	3.433287790483338795e-06
1.679999999999958003e-03	2.367726215148818734e-06
1.719999999999954638e-03	1.282392112437317786e-06
1.759999999999951274e-03	2.945226522739335831e-07
1.799999999999947909e-03	-6.065278147217796742e-07
1.839999999999944544e-03	-1.219796713169915013e-06
1.879999999999941180e-03	-1.615331175480951369e-06
1.919999999999937815e-03	-1.785267133283964805e-06
1.959999999999935752e-03	-1.845497755764640740e-06
1.999999999999941061e-03	-1.786697622252991199e-06
2.039999999999946370e-03	-1.669505273334726699e-06
2.079999999999951679e-03	-1.546702303264543784e-06
2.119999999999956988e-03	-1.407900086038888972e-06
2.159999999999962297e-03	-1.306934469124902554e-06
2.199999999999967606e-03	-1.229128873269918732e-06
2.239999999999972916e-03	-1.094929609108752502e-06
2.279999999999978225e-03	-9.731996970534767025e-07
2.319999999999983534e-03	-7.357914430284769231e-07
2.359999999999988843e-03	-5.306669444344991079e-07
2.399999999999994152e-03	-2.904622070650099710e-07
2.439999999999999461e-03	-1.374073809162944967e-07
2.480000000000004770e-03	-8.269199721877770401e-08
2.520000000000010079e-03	-7.697399906697402951e-08
2.560000000000015388e-03	-1.464395040205210743e-07
2.600000000000020697e-03	-1.990046309413875823e-07
2.640000000000026006e-03	-3.317129714187139303e-07
2.680000000000031316e-03	-5.073994021319966963e-07
2.720000000000036625e-03	-7.315174995417964276e-07
2.760000000000041934e-03	-9.683778189918452129e-07
2.800000000000047243e-03	-1.160364561396819289e-06
2.840000000000052552e-03	-1.254254654693819132e-06
2.880000000000057861e-03	-1.194032051567306703e-06
2.920000000000063170e-03	-1.066426546703186866e-06
2.960000000000068479e-03	-8.482846248306348275e-07
3.000000000000073788e-03	-6.735905496303812074e-07
3.040000000000079097e-03	-5.094203030988800906e-07
3.080000000000084406e-03	-3.631831796371889962e-07
3.120000000000089715e-03	-2.836190380952674886e-07
3.160000000000095025e-03	-1.776587339267227074e-07
3.200000000000100334e-03	-1.294806008139611792e-07
3.240000000000105643e-03	-1.078927584241493075e-07
3.280000000000110952e-03	-1.453400283867127850e-07
3.320000000000116261e-03	-2.302904438779236549e-07
3.360000000000121570e-03	-3.240437818392861819e-07
3.400000000000126879e-03	-3.677471909623310903e-07
3.440000000000132188e-03	-3.773397706024803232e-07
3.480000000000137497e-03	-3.160169226926913136e-07
3.520000000000142806e-03	-1.831885382695800725e-07
3.560000000000148115e-03	-4.707191124320957698e-08
3.600000000000153424e-03	1.184210608366731037e-07
3.640000000000158734e-03	2.167849333031536878e-07
3.680000000000164043e-03	2.928343320395548506e-07
3.720000000000169352e-03	2.561673714581714926e-07
3.760000000000174661e-03	1.504578024307788078e-07
3.800000000000179970e-03	-4.540887192062335508e-09
3.840000000000185279e-03	-1.714747647170627654e-07
3.880000000000190588e-03	-2.954835491241277609e-07
3.920000000000195897e-03	-3.634723801613659861e-07
3.960000000000201206e-03	-3.757120450299053195e-07
4.000000000000206515e-03	-3.559650158719396860e-07
4.040000000000211824e-03	-3.168461741551695270e-07
4.080000000000217134e-03	-2.794996383644776867e-07
4.120000000000222443e-03	-2.352225600285846687e-07
4.160000000000227752e-03	-1.284553896950671659e-07
4.200000000000233061e-03	-3.718854150700698818e-08
4.240000000000238370e-03	8.748484833745395247e-08
4.280000000000243679e-03	1.581535385895958312e-07
4.320000000000248988e-03	2.187226622324817555e-07
4.360000000000254297e-03	2.470695983793001088e-07
4.400000000000259606e-03	2.601375887704420419e-07
4.440000000000264915e-03	3.088212723377429962e-07
4.480000000000270224e-03	3.627453672318384941e-07
4.520000000000275533e-03	4.198378257614236756e-07
4.560000000000280843e-03	4.777041721796761120e-07
4.600000000000286152e-03	4.776234684164582457e-07
4.640000000000291461e-03	4.941938087871430093e-07
4.680000000000296770e-03	4.781219883380333338e-07
4.720000000000302079e-03	4.918535512763315461e-07
4.760000000000307388e-03	5.077420733618928892e-07
4.800000000000312697e-03	5.312647836181163044e-07
4.840000000000318006e-03	5.374236409966448264e-07
4.880000000000323315e-03	5.222068270971004093e-07
4.920000000000328624e-03	4.834851025861936682e-07
4.960000000000333933e-03	4.090002586689938802e-07
5.000000000000339243e-03	3.625622361838000053e-07
5.040000000000344552e-03	3.040130622872443544e-07
5.080000000000349861e-03	2.698827046270851661e-07
5.120000000000355170e-03	2.174646645420505761e-07
5.160000000000360479e-03	1.533647820756305665e-07
5.200000000000365788e-03	1.038486640815116922e-07
5.240000000000371097e-03	-7.245220985463919358e-10
5.280000000000376406e-03	-7.584566754019507623e-08
5.320000000000381715e-03	-1.354960465671059679e-07
5.360000000000387024e-03	-1.928281978417276469e-07
5.400000000000392333e-03	-2.133299008697448649e-07
5.440000000000397642e-03	-2.272763457341759289e-07
5.480000000000402952e-03	-2.241173473210061467e-07
5.520000000000408261e-03	-1.928490292435253948e-07
5.560000000000413570e-03	-1.643593683317522405e-07
5.600000000000418879e-03	-1.289471429222415407e-07
5.640000000000424188e-03	-1.095391463242257223e-07
5.680000000000429497e-03	-1.102975556691932844e-07
5.720000000000434806e-03	-1.009854877394015497e-07
5.760000000000440115e-03	-1.236518593606888825e-07
5.800000000000445424e-03	-1.294969208372365471e-07
5.840000000000450733e-03	-1.091870208916815792e-07
5.880000000000456042e-03	-8.975293684420229799e-08
5.920000000000461352e-03	-7.051574305344075296e-08
5.960000000000466661e-03	-3.749417207794518280e-08
6.000000000000471970e-03	-7.876549297134156298e-10
6.040000000000477279e-03	2.931839788265283571e-08
6.080000000000482588e-03	8.479129250784047806e-08
6.120000000000487897e-03	1.246345974604311997e-07
6.160000000000493206e-03	1.783649303607554419e-07
6.200000000000498515e-03	2.128889105876036821e-07
6.240000000000503824e-03	2.256620610927934476e-07
6.280000000000509133e-03	2.190354675740463537e-07
6.320000000000514442e-03	1.708051331795315772e-07
6.360000000000519751e-03	1.331786024650264513e-07
6.400000000000525061e-03	7.754258222073722348e-08
6.440000000000530370e-03	1.623093154462856578e-08
6.480000000000535679e-03	-2.649535401282831435e-08
6.520000000000540988e-03	-7.158677897493974617e-08
6.560000000000546297e-03	-9.623707925852692158e-08
6.600000000000551606e-03	-1.312147909916923904e-07
6.640000000000556915e-03	-1.237021294523960053e-07
6.680000000000562224e-03	-1.284969456909039977e-07
6.720000000000567533e-03	-1.059819035296031891e-07
6.760000000000572842e-03	-7.551384222565651853e-08
6.800000000000578151e-03	-4.551870157556416124e-08
6.840000000000583461e-03	4.935436191465688802e-11
6.880000000000588770e-03	1.524564450961304690e-08
6.920000000000594079e-03	2.694325939900398364e-08
6.960000000000599388e-03	1.461860550597987068e-08
7.000000000000604697e-03	-2.177009645772359799e-08
