0.000000000000000000e+00	-2.440154535981514338e-30
3.999999999999998294e-05	-2.531524402057166459e-08
7.999999999999987102e-05	-2.038402601474224366e-06
1.199999999999997591e-04	-6.311610714636399105e-06
1.599999999999996607e-04	-1.364904570170021394e-05
1.999999999999995488e-04	-2.259362038168252740e-05
2.399999999999994369e-04	-3.068566637994207352e-05
2.800000000000003007e-04	-3.498996951589345041e-05
3.200000000000012730e-04	-3.338247349249284709e-05
3.600000000000022453e-04	-2.614556910748697436e-05
4.000000000000032176e-04	-1.534524069790947260e-05
4.400000000000041898e-04	-4.367854387336214440e-06
4.800000000000051621e-04	4.018761383984951678e-06
5.200000000000061344e-04	8.620820709916350057e-06
5.600000000000071067e-04	9.864422050266216627e-06
6.000000000000080790e-04	9.227224921232073918e-06
6.400000000000090512e-04	7.980606338498805205e-06
6.800000000000100235e-04	7.578836693779135828e-06
7.200000000000109958e-04	7.138566773892137661e-06
7.600000000000119681e-04	7.132713282332778939e-06
8.000000000000129403e-04	7.038411207776791810e-06
8.400000000000139126e-04	7.221248619132609645e-06
8.800000000000148849e-04	7.500196700215333656e-06
9.200000000000158572e-04	7.850270445125266303e-06
9.600000000000168295e-04	8.236085649878950571e-06
1.000000000000015200e-03	8.423562084785686811e-06
1.040000000000011835e-03	8.444432971411952200e-06
1.080000000000008471e-03	8.275297469061838722e-06
1.120000000000005106e-03	7.979373720253429462e-06
1.160000000000001742e-03	7.673815197559996434e-06
1.199999999999998377e-03	7.333621481360688512e-06
1.239999999999995012e-03	7.057731262213361142e-06
1.279999999999991648e-03	6.720102636421891940e-06
1.319999999999988283e-03	6.468554573155023608e-06
1.359999999999984919e-03	6.294085156653214398e-06
1.399999999999981554e-03	6.247803502420295128e-06
1.439999999999978190e-03	6.286798573874942159e-06
1.479999999999974825e-03	6.200853550429832436e-06
1.519999999999971461e-03	5.880337226957295026e-06
1.559999999999968096e-03	5.238740562575997536e-06
1.599999999999964732e-03	4.296219562301437921e-06
1.639999999999961367e-03	3.166386889627927187e-06
1.679999999999958003e-03	2.005345388554296236e-06
1.719999999999954638e-03	8.952210605106134559e-07
1.759999999999951274e-03	-1.046159191244647410e-07
1.799999999999947909e-03	-9.952243295289814666e-07
1.839999999999944544e-03	-1.670162274457346187e-06
1.879999999999941180e-03	-2.112106867014832919e-06
1.919999999999937815e-03	-2.258958151667857754e-06
1.959999999999935752e-03	-2.034435827266245750e-06
1.999999999999941061e-03	-1.660801640271300698e-06
2.039999999999946370e-03	-1.189038232166939345e-06
2.079999999999951679e-03	-8.492027798875566742e-07
2.119999999999956988e-03	-6.142423705167287909e-07
2.159999999999962297e-03	-5.459332752165273903e-07
2.199999999999967606e-03	-5.508950433804524793e-07
2.239999999999972916e-03	-6.295722104567809018e-07
2.279999999999978225e-03	-8.234887117070728826e-07
2.319999999999983534e-03	-1.032626118157569677e-06
2.359999999999988843e-03	-1.332493365831510135e-06
2.399999999999994152e-03	-1.521737673902633192e-06
2.439999999999999461e-03	-1.608647174245684832e-06
2.480000000000004770e-03	-1.481398525042836111e-06
2.520000000000010079e-03	-1.152552453314164293e-06
2.560000000000015388e-03	-8.092228064202085491e-07
2.600000000000020697e-03	-4.708976231366367058e-07
2.640000000000026006e-03	-3.377158826943923957e-07
2.680000000000031316e-03	-3.161104180282839361e-07
2.720000000000036625e-03	-4.208249634402743151e-07
2.760000000000041934e-03	-5.061252419802446425e-07
2.800000000000047243e-03	-5.529831531180460271e-07
2.840000000000052552e-03	-5.742169842657606445e-07
2.880000000000057861e-03	-5.460140653314467773e-07
2.920000000000063170e-03	-5.359126533085313022e-07
2.960000000000068479e-03	-5.228003336974211338e-07
3.000000000000073788e-03	-4.761531734485040062e-07
3.040000000000079097e-03	-4.104493420719275710e-07
3.080000000000084406e-03	-3.200658536233936158e-07
3.120000000000089715e-03	-2.407492614405919708e-07
3.160000000000095025e-03	-1.956621615819513365e-07
3.200000000000100334e-03	-2.445667988955709037e-07
3.240000000000105643e-03	-3.288829905689977285e-07
3.280000000000110952e-03	-3.857415494400842454e-07
3.320000000000116261e-03	-4.075863227700583627e-07
3.360000000000121570e-03	-3.210193827987321972e-07
3.400000000000126879e-03	-2.027107483079271352e-07
3.440000000000132188e-03	-8.574872155061140111e-08
3.480000000000137497e-03	-1.764394439880095324e-08
3.520000000000142806e-03	-2.915673995035869855e-08
3.560000000000148115e-03	-6.635357873557715344e-08
3.600000000000153424e-03	-1.192989825414600173e-07
3.640000000000158734e-03	-9.432662019756202368e-08
3.680000000000164043e-03	-2.541757931756462735e-08
3.720000000000169352e-03	1.592471099231474684e-08
3.760000000000174661e-03	4.017542156977795988e-08
3.800000000000179970e-03	2.078183969534399118e-09
3.840000000000185279e-03	-4.439001148867661654e-08
3.880000000000190588e-03	-1.135244535327529991e-07
3.920000000000195897e-03	-1.178706117946951674e-07
3.960000000000201206e-03	-9.770242053575604038e-08
4.000000000000206515e-03	-1.228752532837221673e-07
4.040000000000211824e-03	-1.627388756308524925e-07
4.080000000000217134e-03	-2.605845155452865535e-07
4.120000000000222443e-03	-3.166823604938001296e-07
4.160000000000227752e-03	-3.197608557612844971e-07
4.200000000000233061e-03	-2.323629034316079343e-07
4.240000000000238370e-03	-7.628015414089501865e-08
4.280000000000243679e-03	6.784790451964930897e-08
4.320000000000248988e-03	2.018079830191838875e-07
4.360000000000254297e-03	2.777570552499357368e-07
4.400000000000259606e-03	3.305757605467551199e-07
4.440000000000264915e-03	4.077991977653342216e-07
4.480000000000270224e-03	5.034607554072830563e-07
4.520000000000275533e-03	6.003101369185698796e-07
4.560000000000280843e-03	6.773393570303017558e-07
4.600000000000286152e-03	7.044422360465960086e-07
4.640000000000291461e-03	6.696115994562494816e-07
4.680000000000296770e-03	6.131293758495354476e-07
4.720000000000302079e-03	5.542141211516948172e-07
4.760000000000307388e-03	5.211736088550028518e-07
4.800000000000312697e-03	4.958030411084767559e-07
4.840000000000318006e-03	4.561252772751511507e-07
4.880000000000323315e-03	3.965777719387931207e-07
4.920000000000328624e-03	3.041803779750363073e-07
4.960000000000333933e-03	2.021574389793671568e-07
5.000000000000339243e-03	1.375061747454406458e-07
5.040000000000344552e-03	9.193547746828434091e-08
5.080000000000349861e-03	8.738302788076602216e-08
5.120000000000355170e-03	9.899237899831336119e-08
5.160000000000360479e-03	1.100021912432230881e-07
5.200000000000365788e-03	1.133756357756492142e-07
5.240000000000371097e-03	1.084398442713896344e-07
5.280000000000376406e-03	1.131809053417727639e-07
5.320000000000381715e-03	1.077424558673684967e-07
5.360000000000387024e-03	8.427130335831719908e-08
5.400000000000392333e-03	4.840882140726891205e-08
5.440000000000397642e-03	-2.036006264884053361e-09
5.480000000000402952e-03	-6.838283859682650086e-08
5.520000000000408261e-03	-1.339320243867115608e-07
5.560000000000413570e-03	-1.926424359808225177e-07
5.600000000000418879e-03	-2.434608775420825467e-07
5.640000000000424188e-03	-2.897993997830101254e-07
5.680000000000429497e-03	-3.096372472853058739e-07
5.720000000000434806e-03	-3.268842507644712010e-07
5.760000000000440115e-03	-3.144755414273460872e-07
5.800000000000445424e-03	-2.807508853817670173e-07
5.840000000000450733e-03	-2.416968869884394138e-07
5.880000000000456042e-03	-1.862740278776130167e-07
5.920000000000461352e-03	-1.488568373344824964e-07
5.960000000000466661e-03	-8.871005782480460563e-08
6.000000000000471970e-03	-6.084697483791936292e-08
6.040000000000477279e-03	-2.797220560041167452e-08
6.080000000000482588e-03	-2.974679457332469479e-09
6.120000000000487897e-03	2.000068490861289442e-08
6.160000000000493206e-03	5.050974176985174894e-08
6.200000000000498515e-03	6.987628585094537723e-08
6.240000000000503824e-03	9.116806724235041097e-08
6.280000000000509133e-03	9.926115518137518917e-08
6.320000000000514442e-03	1.090905710662696338e-07
6.360000000000519751e-03	9.961856867286289081e-08
6.400000000000525061e-03	9.525543677603911403e-08
6.440000000000530370e-03	9.164620390704558302e-08
6.480000000000535679e-03	9.471004653961692439e-08
6.520000000000540988e-03	9.344231375585963874e-08
6.560000000000546297e-03	8.021239393486523470e-08
6.600000000000551606e-03	6.039612997088831344e-08
6.640000000000556915e-03	3.307263247344443654e-08
6.680000000000562224e-03	1.558756792596691989e-08
6.720000000000567533e-03	-1.621654782705863989e-08
6.760000000000572842e-03	-3.088100153593765170e-08
6.800000000000578151e-03	-4.839772533650913946e-08
6.840000000000583461e-03	-5.251459693803084259e-08
6.880000000000588770e-03	-6.362578988970526840e-08
6.920000000000594079e-03	-6.131994589447139292e-08
6.960000000000599388e-03	-4.645341557147797133e-08
7.000000000000604697e-03	-1.503319740266174784e-08
