0.000000000000000000e+00	-2.514646413873645638e-30
3.999999999999998294e-05	-3.169205588379469778e-08
7.999999999999987102e-05	-2.047478041656406649e-06
1.199999999999997591e-04	-6.331511450188154917e-06
1.599999999999996607e-04	-1.366607566384449421e-05
1.999999999999995488e-04	-2.262711211228120187e-05
2.399999999999994369e-04	-3.067227603004501292e-05
2.800000000000003007e-04	-3.500558020446623285e-05
3.200000000000012730e-04	-3.335322778403276942e-05
3.600000000000022453e-04	-2.614319744586434608e-05
4.000000000000032176e-04	-1.531318909222097058e-05
4.400000000000041898e-04	-4.352940696862091178e-06
4.800000000000051621e-04	4.026024438489948421e-06
5.200000000000061344e-04	8.643483461202668255e-06
5.600000000000071067e-04	9.838601033349246041e-06
6.000000000000080790e-04	9.235663423535237922e-06
6.400000000000090512e-04	8.082879520265607906e-06
6.800000000000100235e-04	7.890531737160795146e-06
7.200000000000109958e-04	7.725684142695961936e-06
7.600000000000119681e-04	7.990852391552803136e-06
8.000000000000129403e-04	8.049430881740083247e-06
8.400000000000139126e-04	8.057203355343001028e-06
8.800000000000148849e-04	7.937658126266453033e-06
9.200000000000158572e-04	7.649022922336987701e-06
9.600000000000168295e-04	7.497000689693757070e-06
1.000000000000015200e-03	7.224846402403834211e-06
1.040000000000011835e-03	7.103655852494141027e-06
1.080000000000008471e-03	6.964091678840818734e-06
1.120000000000005106e-03	6.806145455493861897e-06
1.160000000000001742e-03	6.691549039722961172e-06
1.199999999999998377e-03	6.580918966971324382e-06
1.239999999999995012e-03	6.597477847178323033e-06
1.279999999999991648e-03	6.627239634902502845e-06
1.319999999999988283e-03	6.730657437600126515e-06
1.359999999999984919e-03	6.735709232167612760e-06
1.399999999999981554e-03	6.582189719752548043e-06
1.439999999999978190e-03	6.270891283961192872e-06
1.479999999999974825e-03	5.758976596513337180e-06
1.519999999999971461e-03	5.167285911722228453e-06
1.559999999999968096e-03	4.489507932436321429e-06
1.599999999999964732e-03	3.810004879175575068e-06
1.639999999999961367e-03	3.040467350877714899e-06
1.679999999999958003e-03	2.233140428308390682e-06
1.719999999999954638e-03	1.381783035121634805e-06
1.759999999999951274e-03	5.899415174079222772e-07
1.799999999999947909e-03	-1.201912033471946386e-07
1.839999999999944544e-03	-6.916897974578478042e-07
1.879999999999941180e-03	-1.128000952916299174e-06
1.919999999999937815e-03	-1.423682043384168829e-06
1.959999999999935752e-03	-1.555837367087718221e-06
1.999999999999941061e-03	-1.624683608259249388e-06
2.039999999999946370e-03	-1.541763517156951297e-06
2.079999999999951679e-03	-1.469112188856451319e-06
2.119999999999956988e-03	-1.303150849215492357e-06
2.159999999999962297e-03	-1.171833157269389348e-06
2.199999999999967606e-03	-9.866687363938259580e-07
2.239999999999972916e-03	-8.059953890925804830e-07
2.279999999999978225e-03	-5.726088329978383641e-07
2.319999999999983534e-03	-2.896549596917962054e-07
2.359999999999988843e-03	-5.719126680290812027e-08
2.399999999999994152e-03	1.296686696843840512e-07
2.439999999999999461e-03	1.803946962266397627e-07
2.480000000000004770e-03	1.145453522842249667e-07
2.520000000000010079e-03	7.044162203918668560e-09
2.560000000000015388e-03	-1.685598223121557928e-07
2.600000000000020697e-03	-3.375390211581644366e-07
2.640000000000026006e-03	-5.588474064913807187e-07
2.680000000000031316e-03	-8.015448055928227716e-07
2.720000000000036625e-03	-1.043487045944155819e-06
2.760000000000041934e-03	-1.273578438796623579e-06
2.800000000000047243e-03	-1.363230299239041417e-06
2.840000000000052552e-03	-1.352959341437069006e-06
2.880000000000057861e-03	-1.218396728205040465e-06
2.920000000000063170e-03	-1.041601287217991572e-06
2.960000000000068479e-03	-8.670308918563529087e-07
3.000000000000073788e-03	-7.121823706720277179e-07
3.040000000000079097e-03	-6.331961228701039477e-07
3.080000000000084406e-03	-5.047099519477922861e-07
3.120000000000089715e-03	-3.951820863154251356e-07
3.160000000000095025e-03	-2.407433457405160474e-07
3.200000000000100334e-03	-1.187399844249277344e-07
3.240000000000105643e-03	-9.746215154197517741e-08
3.280000000000110952e-03	-1.327611191000482644e-07
3.320000000000116261e-03	-2.578676719602498469e-07
3.360000000000121570e-03	-3.222918013759538046e-07
3.400000000000126879e-03	-3.995005433665572219e-07
3.440000000000132188e-03	-3.753109653599010669e-07
3.480000000000137497e-03	-2.985568237188819555e-07
3.520000000000142806e-03	-1.909854046272636008e-07
3.560000000000148115e-03	-8.242129882656524612e-08
3.600000000000153424e-03	-2.263191330092000112e-08
3.640000000000158734e-03	4.507943586182111604e-08
3.680000000000164043e-03	3.941615199456376490e-08
3.720000000000169352e-03	-1.587902527660046789e-10
3.760000000000174661e-03	-9.559307870904669373e-08
3.800000000000179970e-03	-2.204443692856645882e-07
3.840000000000185279e-03	-3.253055428289964603e-07
3.880000000000190588e-03	-3.805412692624439893e-07
3.920000000000195897e-03	-3.865028276662499753e-07
3.960000000000201206e-03	-3.408180034310532794e-07
4.000000000000206515e-03	-2.895421313076047115e-07
4.040000000000211824e-03	-2.226168633743669569e-07
4.080000000000217134e-03	-1.754749289695931668e-07
4.120000000000222443e-03	-1.107684370057238516e-07
4.160000000000227752e-03	-6.140877539348669917e-09
4.200000000000233061e-03	7.905947892943086338e-08
4.240000000000238370e-03	1.806261334656363499e-07
4.280000000000243679e-03	2.170843926360983237e-07
4.320000000000248988e-03	2.262886100000569732e-07
4.360000000000254297e-03	1.914547544009920648e-07
4.400000000000259606e-03	1.642463371134671890e-07
4.440000000000264915e-03	1.956316905634803582e-07
4.480000000000270224e-03	2.201479938671192696e-07
4.520000000000275533e-03	3.074292452005283351e-07
4.560000000000280843e-03	3.683921837128117454e-07
4.600000000000286152e-03	4.207175971567650359e-07
4.640000000000291461e-03	4.330360977940733191e-07
4.680000000000296770e-03	4.426862107875152426e-07
4.720000000000302079e-03	4.806056148610501101e-07
4.760000000000307388e-03	4.950307294111833601e-07
4.800000000000312697e-03	5.426509302762467633e-07
4.840000000000318006e-03	5.721276643024795667e-07
4.880000000000323315e-03	5.782003970246618806e-07
4.920000000000328624e-03	5.564891588226274317e-07
4.960000000000333933e-03	5.110847484140429520e-07
5.000000000000339243e-03	4.585302709591237194e-07
5.040000000000344552e-03	3.678559823798584859e-07
5.080000000000349861e-03	3.117224447974407163e-07
5.120000000000355170e-03	2.331289931802334146e-07
5.160000000000360479e-03	1.579159243873240379e-07
5.200000000000365788e-03	6.990277353005840633e-08
5.240000000000371097e-03	-2.927347602965780698e-09
5.280000000000376406e-03	-5.960863733645966612e-08
5.320000000000381715e-03	-1.000672741647386372e-07
5.360000000000387024e-03	-9.034776928826036523e-08
5.400000000000392333e-03	-7.692527900319306461e-08
5.440000000000397642e-03	-7.351906646979896196e-08
5.480000000000402952e-03	-3.680883471740341108e-08
5.520000000000408261e-03	-2.774953570447060968e-08
5.560000000000413570e-03	8.733584542226152880e-11
5.600000000000418879e-03	2.583625418882327337e-08
5.640000000000424188e-03	4.131370377156483606e-08
5.680000000000429497e-03	5.401188216971307934e-08
5.720000000000434806e-03	2.443723295731468506e-08
5.760000000000440115e-03	-8.898239728244239161e-09
5.800000000000445424e-03	-5.244369242027901185e-08
5.840000000000450733e-03	-1.020508506225610539e-07
5.880000000000456042e-03	-1.108054209008257004e-07
5.920000000000461352e-03	-1.026984302319901835e-07
5.960000000000466661e-03	-7.953480929405182784e-08
6.000000000000471970e-03	-5.110816648910428292e-08
6.040000000000477279e-03	-3.937929440187655284e-09
6.080000000000482588e-03	1.995719636708285148e-08
6.120000000000487897e-03	4.860894578163025218e-08
6.160000000000493206e-03	8.237164211118104476e-08
6.200000000000498515e-03	1.003600178595449098e-07
6.240000000000503824e-03	1.123597507113586257e-07
6.280000000000509133e-03	1.109301815864806193e-07
6.320000000000514442e-03	7.719408965141998046e-08
6.360000000000519751e-03	4.684439453018751389e-08
6.400000000000525061e-03	-4.580899659662571424e-09
6.440000000000530370e-03	-4.872106356299587387e-08
6.480000000000535679e-03	-7.878415671913761218e-08
6.520000000000540988e-03	-1.280657742499130783e-07
6.560000000000546297e-03	-1.459484830646688838e-07
6.600000000000551606e-03	-1.678607199866854231e-07
6.640000000000556915e-03	-1.649398919933209056e-07
6.680000000000562224e-03	-1.512932064499677605e-07
6.720000000000567533e-03	-1.188946243219830903e-07
6.760000000000572842e-03	-8.517970214454976246e-08
6.800000000000578151e-03	-5.646895438350199482e-08
6.840000000000583461e-03	-3.115738119878609070e-08
6.880000000000588770e-03	-3.017226904309398258e-08
6.920000000000594079e-03	-1.334224723994009891e-08
6.960000000000599388e-03	-2.776637636151202013e-08
7.000000000000604697e-03	-5.052323470980458061e-08
