0.000000000000000000e+00	-3.159717442228717404e-30
3.999999999999998294e-05	-2.986295335739339158e-08
7.999999999999987102e-05	-2.037706482539686616e-06
1.199999999999997591e-04	-6.329520766217935087e-06
1.599999999999996607e-04	-1.377415324276100043e-05
1.999999999999995488e-04	-2.295818425814593458e-05
2.399999999999994369e-04	-3.148492440228791675e-05
2.800000000000003007e-04	-3.641392035756942433e-05
3.200000000000012730e-04	-3.549882649202199539e-05
3.600000000000022453e-04	-2.893524015522799293e-05
4.000000000000032176e-04	-1.857091411063634375e-05
4.400000000000041898e-04	-7.780507849821681541e-06
4.800000000000051621e-04	7.617283555968926770e-07
5.200000000000061344e-04	5.744099843219751843e-06
5.600000000000071067e-04	7.481730220503827709e-06
6.000000000000080790e-04	7.292987091152460175e-06
6.400000000000090512e-04	6.492695547629699273e-06
6.800000000000100235e-04	6.529988023343211415e-06
7.200000000000109958e-04	6.495167792359619839e-06
7.600000000000119681e-04	6.997773548344499648e-06
8.000000000000129403e-04	7.339415819896119651e-06
8.400000000000139126e-04	7.836265302146151686e-06
8.800000000000148849e-04	8.238777784971898827e-06
9.200000000000158572e-04	8.507502023515557297e-06
9.600000000000168295e-04	8.752360694755210532e-06
1.000000000000015200e-03	8.790296057363043326e-06
1.040000000000011835e-03	8.837381731681834615e-06
1.080000000000008471e-03	8.750957830271253269e-06
1.120000000000005106e-03	8.565558214463605727e-06
1.160000000000001742e-03	8.217032930967764869e-06
1.199999999999998377e-03	7.709845746462142018e-06
1.239999999999995012e-03	7.145089061473203023e-06
1.279999999999991648e-03	6.547514164672552333e-06
1.319999999999988283e-03	6.072131009923611500e-06
1.359999999999984919e-03	5.720861767337261044e-06
1.399999999999981554e-03	5.516136853544993882e-06
1.439999999999978190e-03	5.436367359741769645e-06
1.479999999999974825e-03	5.323519412200249227e-06
1.519999999999971461e-03	5.274732089463342605e-06
1.559999999999968096e-03	5.120637859855678561e-06
1.599999999999964732e-03	4.946109003387036995e-06
1.639999999999961367e-03	4.699155168759573243e-06
1.679999999999958003e-03	4.293902236823485160e-06
1.719999999999954638e-03	3.873430493370684929e-06
1.759999999999951274e-03	3.382182528476699270e-06
1.799999999999947909e-03	2.952800759068072462e-06
1.839999999999944544e-03	2.618041550961503859e-06
1.879999999999941180e-03	2.408131355713801226e-06
1.919999999999937815e-03	2.333431532454417509e-06
1.959999999999935752e-03	2.325933236938144796e-06
1.999999999999941061e-03	2.403243946659347478e-06
2.039999999999946370e-03	2.506495762622070456e-06
2.079999999999951679e-03	2.622669069924529927e-06
2.119999999999956988e-03	2.626334537371662367e-06
2.159999999999962297e-03	2.425661822565844394e-06
2.199999999999967606e-03	2.050705653545174312e-06
2.239999999999972916e-03	1.444674623526585421e-06
2.279999999999978225e-03	7.679169003584884717e-07
2.319999999999983534e-03	6.816920160070275071e-08
2.359999999999988843e-03	-5.906161273966773449e-07
2.399999999999994152e-03	-1.133256186187135313e-06
2.439999999999999461e-03	-1.624243919500366310e-06
2.480000000000004770e-03	-2.007865257860306317e-06
2.520000000000010079e-03	-2.249949014188149705e-06
2.560000000000015388e-03	-2.335962006146379349e-06
2.600000000000020697e-03	-2.231792166795965884e-06
2.640000000000026006e-03	-2.016247115800280311e-06
2.680000000000031316e-03	-1.743682948645462936e-06
2.720000000000036625e-03	-1.542366188985803840e-06
2.760000000000041934e-03	-1.412323722449943993e-06
2.800000000000047243e-03	-1.437514237305361389e-06
2.840000000000052552e-03	-1.528198772470369709e-06
2.880000000000057861e-03	-1.702589615877599542e-06
2.920000000000063170e-03	-1.902161151910345669e-06
2.960000000000068479e-03	-2.089004352759347186e-06
3.000000000000073788e-03	-2.276900407921077240e-06
3.040000000000079097e-03	-2.380378065157360146e-06
3.080000000000084406e-03	-2.443068450376843755e-06
3.120000000000089715e-03	-2.437295258802733439e-06
3.160000000000095025e-03	-2.427668290244050968e-06
3.200000000000100334e-03	-2.453491431946653165e-06
3.240000000000105643e-03	-2.467288760231111631e-06
3.280000000000110952e-03	-2.516493318191701419e-06
3.320000000000116261e-03	-2.506163923229035094e-06
3.360000000000121570e-03	-2.397247372499737579e-06
3.400000000000126879e-03	-2.204187134648846427e-06
3.440000000000132188e-03	-1.960014300925285736e-06
3.480000000000137497e-03	-1.694668050214616749e-06
3.520000000000142806e-03	-1.464961041817356699e-06
3.560000000000148115e-03	-1.240737155442500422e-06
3.600000000000153424e-03	-1.045698702695382448e-06
3.640000000000158734e-03	-8.296835940238575989e-07
3.680000000000164043e-03	-6.322292974968060341e-07
3.720000000000169352e-03	-4.838181107561448035e-07
3.760000000000174661e-03	-3.720401680267608037e-07
3.800000000000179970e-03	-2.802311681180114530e-07
3.840000000000185279e-03	-2.115411198829454862e-07
3.880000000000190588e-03	-1.064089947703067192e-07
3.920000000000195897e-03	2.105413198702641674e-08
3.960000000000201206e-03	2.040953841615825913e-07
4.000000000000206515e-03	3.585643717090746559e-07
4.040000000000211824e-03	5.277331368577368713e-07
4.080000000000217134e-03	6.949461662013256244e-07
4.120000000000222443e-03	9.056846255109953790e-07
4.160000000000227752e-03	1.118848905060246318e-06
4.200000000000233061e-03	1.354676150139818473e-06
4.240000000000238370e-03	1.541651656738429734e-06
4.280000000000243679e-03	1.671539337273536030e-06
4.320000000000248988e-03	1.732882074478784893e-06
4.360000000000254297e-03	1.719408414282932754e-06
4.400000000000259606e-03	1.629589463932996237e-06
4.440000000000264915e-03	1.497836724458457958e-06
4.480000000000270224e-03	1.363551410906044128e-06
4.520000000000275533e-03	1.212093162227053301e-06
4.560000000000280843e-03	1.075378120061788666e-06
4.600000000000286152e-03	9.333822985770856468e-07
4.640000000000291461e-03	8.259685503938384093e-07
4.680000000000296770e-03	7.149624561050797375e-07
4.720000000000302079e-03	6.187121457930126914e-07
4.760000000000307388e-03	5.415896720609150584e-07
4.800000000000312697e-03	4.729777449326592561e-07
4.840000000000318006e-03	4.433305203148777420e-07
4.880000000000323315e-03	4.052249560903155264e-07
4.920000000000328624e-03	3.869948571248422699e-07
4.960000000000333933e-03	3.311534666242924225e-07
5.000000000000339243e-03	3.064444016670584701e-07
5.040000000000344552e-03	2.823126634651577945e-07
5.080000000000349861e-03	2.940414968069597970e-07
5.120000000000355170e-03	3.044388855838322525e-07
5.160000000000360479e-03	3.345988970190294563e-07
5.200000000000365788e-03	3.674114936320426397e-07
5.240000000000371097e-03	3.555339776679175951e-07
5.280000000000376406e-03	3.505449398277472085e-07
5.320000000000381715e-03	3.234983774505839876e-07
5.360000000000387024e-03	2.984164533395866712e-07
5.400000000000392333e-03	2.543002708864705572e-07
5.440000000000397642e-03	1.841670339036440481e-07
5.480000000000402952e-03	1.152308275497865494e-07
5.520000000000408261e-03	3.686262220692496182e-09
5.560000000000413570e-03	-7.842175965870718705e-08
5.600000000000418879e-03	-1.242218126139575036e-07
5.640000000000424188e-03	-1.112515982881485716e-07
5.680000000000429497e-03	-7.117492084646795118e-08
5.720000000000434806e-03	-2.727343996616492488e-08
5.760000000000440115e-03	3.825600251801825795e-09
5.800000000000445424e-03	1.166150009330799297e-08
5.840000000000450733e-03	1.588855076791495066e-09
5.880000000000456042e-03	-3.248697488264075981e-08
5.920000000000461352e-03	-5.832371811014241005e-08
5.960000000000466661e-03	-9.717142215444450607e-08
6.000000000000471970e-03	-1.663612574614711423e-07
6.040000000000477279e-03	-2.473167266573745435e-07
6.080000000000482588e-03	-3.453896642579756332e-07
6.120000000000487897e-03	-4.338761954765255750e-07
6.160000000000493206e-03	-4.833620136801711143e-07
6.200000000000498515e-03	-5.169555403254182653e-07
6.240000000000503824e-03	-5.095983189154900412e-07
6.280000000000509133e-03	-4.971650436954445585e-07
6.320000000000514442e-03	-4.498021921524661174e-07
6.360000000000519751e-03	-4.059809518748842857e-07
6.400000000000525061e-03	-3.692980708923812301e-07
6.440000000000530370e-03	-3.367871711678435970e-07
6.480000000000535679e-03	-3.102401637686282554e-07
6.520000000000540988e-03	-3.252716539342894254e-07
6.560000000000546297e-03	-3.487230849032309154e-07
6.600000000000551606e-03	-3.661597394964889947e-07
6.640000000000556915e-03	-3.709989721842207755e-07
6.680000000000562224e-03	-3.702550624557212112e-07
6.720000000000567533e-03	-3.468921480924499018e-07
6.760000000000572842e-03	-3.092802797803693172e-07
6.800000000000578151e-03	-2.822251233644616513e-07
6.840000000000583461e-03	-2.619817080250432926e-07
6.880000000000588770e-03	-2.589748454636361840e-07
6.920000000000594079e-03	-2.682960642833398295e-07
6.960000000000599388e-03	-2.882498405767882027e-07
7.000000000000604697e-03	-2.937893895977550612e-07
