0.000000000000000000e+00	-1.265591989806665127e-30
3.999999999999998294e-05	-3.046371376594400020e-08
7.999999999999987102e-05	-2.045994103263490642e-06
1.199999999999997591e-04	-6.323234129573840581e-06
1.599999999999996607e-04	-1.365397212123467221e-05
1.999999999999995488e-04	-2.261998578652278975e-05
2.399999999999994369e-04	-3.067742031991726309e-05
2.800000000000003007e-04	-3.501769815437269284e-05
3.200000000000012730e-04	-3.339681836840973088e-05
3.600000000000022453e-04	-2.618336582004300301e-05
4.000000000000032176e-04	-1.538040134870144362e-05
4.400000000000041898e-04	-4.444998563175328813e-06
4.800000000000051621e-04	3.865291196419278670e-06
5.200000000000061344e-04	8.392882737934781424e-06
5.600000000000071067e-04	9.471531789992905449e-06
6.000000000000080790e-04	8.661559922651506713e-06
6.400000000000090512e-04	7.422622019367401627e-06
6.800000000000100235e-04	7.215088150070641875e-06
7.200000000000109958e-04	7.129674128096983435e-06
7.600000000000119681e-04	7.591081838101939165e-06
8.000000000000129403e-04	7.860570333343670516e-06
8.400000000000139126e-04	8.065352701461425591e-06
8.800000000000148849e-04	7.980433474304524387e-06
9.200000000000158572e-04	7.627397449769243537e-06
9.600000000000168295e-04	7.283194139868987211e-06
1.000000000000015200e-03	6.938567823431866316e-06
1.040000000000011835e-03	6.899121592063688531e-06
1.080000000000008471e-03	7.041406452688516812e-06
1.120000000000005106e-03	7.320613956953527926e-06
1.160000000000001742e-03	7.608136746256855271e-06
1.199999999999998377e-03	7.710377265558437723e-06
1.239999999999995012e-03	7.563031928976267345e-06
1.279999999999991648e-03	7.123682570735769412e-06
1.319999999999988283e-03	6.519738307147641826e-06
1.359999999999984919e-03	5.864316239701959127e-06
1.399999999999981554e-03	5.234891981254473347e-06
1.439999999999978190e-03	4.750089035625844467e-06
1.479999999999974825e-03	4.362374621486472297e-06
1.519999999999971461e-03	4.064435825038179415e-06
1.559999999999968096e-03	3.861501404588586055e-06
1.599999999999964732e-03	3.647804150428369185e-06
1.639999999999961367e-03	3.462402317017583473e-06
1.679999999999958003e-03	3.134910629873535083e-06
1.719999999999954638e-03	2.699249550379530783e-06
1.759999999999951274e-03	2.056236504165714127e-06
1.799999999999947909e-03	1.365860052915372895e-06
1.839999999999944544e-03	6.752558567525058459e-07
1.879999999999941180e-03	9.321482139894937197e-08
1.919999999999937815e-03	-3.235720419902881062e-07
1.959999999999935752e-03	-6.032194653440412673e-07
1.999999999999941061e-03	-7.527376442071166874e-07
2.039999999999946370e-03	-9.200870493941035899e-07
2.079999999999951679e-03	-9.802203066654859639e-07
2.119999999999956988e-03	-1.043211679108456148e-06
2.159999999999962297e-03	-1.041351028867394681e-06
2.199999999999967606e-03	-9.988804428655286233e-07
2.239999999999972916e-03	-9.084696369277203904e-07
2.279999999999978225e-03	-8.396490383628814966e-07
2.319999999999983534e-03	-7.151684695717462030e-07
2.359999999999988843e-03	-5.652732674972428810e-07
2.399999999999994152e-03	-4.165126814114277779e-07
2.439999999999999461e-03	-2.647687918667602548e-07
2.480000000000004770e-03	-1.655003882580511261e-07
2.520000000000010079e-03	-1.505519233640532477e-07
2.560000000000015388e-03	-2.280420096116846089e-07
2.600000000000020697e-03	-3.092925340800498736e-07
2.640000000000026006e-03	-3.742344066868786359e-07
2.680000000000031316e-03	-4.566293889693245831e-07
2.720000000000036625e-03	-5.267773659783463805e-07
2.760000000000041934e-03	-6.528676202570579737e-07
2.800000000000047243e-03	-8.069208945977326641e-07
2.840000000000052552e-03	-1.029019435943117507e-06
2.880000000000057861e-03	-1.170441134832885143e-06
2.920000000000063170e-03	-1.310716075286580445e-06
2.960000000000068479e-03	-1.303866944262424644e-06
3.000000000000073788e-03	-1.227360855324880418e-06
3.040000000000079097e-03	-1.126678309697453634e-06
3.080000000000084406e-03	-9.720899714175765677e-07
3.120000000000089715e-03	-8.174050001610021494e-07
3.160000000000095025e-03	-6.128001948012002563e-07
3.200000000000100334e-03	-4.148146405818954784e-07
3.240000000000105643e-03	-2.631292656607966420e-07
3.280000000000110952e-03	-1.688059461754213164e-07
3.320000000000116261e-03	-2.088484238082102949e-07
3.360000000000121570e-03	-3.149682161760608880e-07
3.400000000000126879e-03	-4.559419491662250486e-07
3.440000000000132188e-03	-5.883175196685199759e-07
3.480000000000137497e-03	-6.667149785706644379e-07
3.520000000000142806e-03	-6.901094321120448643e-07
3.560000000000148115e-03	-6.768679931659270551e-07
3.600000000000153424e-03	-6.647315372618951898e-07
3.640000000000158734e-03	-6.087945020800351503e-07
3.680000000000164043e-03	-5.506488429736498730e-07
3.720000000000169352e-03	-4.506121426469081497e-07
3.760000000000174661e-03	-3.681693069473815934e-07
3.800000000000179970e-03	-3.158454485649176301e-07
3.840000000000185279e-03	-2.734116014642836882e-07
3.880000000000190588e-03	-2.645495191334203669e-07
3.920000000000195897e-03	-2.204193252870703426e-07
3.960000000000201206e-03	-1.555932763710737565e-07
4.000000000000206515e-03	-5.812484756782269112e-08
4.040000000000211824e-03	1.968756001558146161e-08
4.080000000000217134e-03	8.096213111792204032e-08
4.120000000000222443e-03	1.264012455910711944e-07
4.160000000000227752e-03	1.932354759023468180e-07
4.200000000000233061e-03	2.379458779742618578e-07
4.240000000000238370e-03	3.342142587556643109e-07
4.280000000000243679e-03	3.926934810523210985e-07
4.320000000000248988e-03	4.136001395836647009e-07
4.360000000000254297e-03	3.708905035677537233e-07
4.400000000000259606e-03	2.972857800597945723e-07
4.440000000000264915e-03	2.338939017423649020e-07
4.480000000000270224e-03	1.912367204064379308e-07
4.520000000000275533e-03	2.055607380933102076e-07
4.560000000000280843e-03	2.328019192601736803e-07
4.600000000000286152e-03	2.569525437936779660e-07
4.640000000000291461e-03	2.833516730624372206e-07
4.680000000000296770e-03	3.032496025050879214e-07
4.720000000000302079e-03	3.570908675696724836e-07
4.760000000000307388e-03	4.192770308442266800e-07
4.800000000000312697e-03	4.878417189815469057e-07
4.840000000000318006e-03	5.553534290024850402e-07
4.880000000000323315e-03	5.881438178106568528e-07
4.920000000000328624e-03	6.047680097099759347e-07
4.960000000000333933e-03	6.089220333910077647e-07
5.000000000000339243e-03	6.181066513322964732e-07
5.040000000000344552e-03	6.461267263029268394e-07
5.080000000000349861e-03	6.448228404832776177e-07
5.120000000000355170e-03	6.288576602075615752e-07
5.160000000000360479e-03	5.560107992521278804e-07
5.200000000000365788e-03	4.725348320705998406e-07
5.240000000000371097e-03	3.819261357501521658e-07
5.280000000000376406e-03	3.119948155465801165e-07
5.320000000000381715e-03	2.773044581944328660e-07
5.360000000000387024e-03	2.533174100084360473e-07
5.400000000000392333e-03	2.468300416382939433e-07
5.440000000000397642e-03	1.843208360222055913e-07
5.480000000000402952e-03	1.424729366537276813e-07
5.520000000000408261e-03	6.358933584829331781e-08
5.560000000000413570e-03	2.400523349050738625e-10
5.600000000000418879e-03	-6.678093808646726168e-08
5.640000000000424188e-03	-1.243129579515097619e-07
5.680000000000429497e-03	-1.609610697021293203e-07
5.720000000000434806e-03	-2.110822368519306965e-07
5.760000000000440115e-03	-2.217175104250708815e-07
5.800000000000445424e-03	-2.163369533565088636e-07
5.840000000000450733e-03	-2.185833910376439787e-07
5.880000000000456042e-03	-2.065874015492791025e-07
5.920000000000461352e-03	-2.173068579202148327e-07
5.960000000000466661e-03	-2.221454812442283510e-07
6.000000000000471970e-03	-2.492961143058339786e-07
6.040000000000477279e-03	-2.451181322535578973e-07
6.080000000000482588e-03	-2.298666938043081564e-07
6.120000000000487897e-03	-2.104044895724037524e-07
6.160000000000493206e-03	-1.719983461665261617e-07
6.200000000000498515e-03	-1.334323749307752633e-07
6.240000000000503824e-03	-9.738893928905253749e-08
6.280000000000509133e-03	-6.871871860596499238e-08
6.320000000000514442e-03	-5.489872619455454051e-08
6.360000000000519751e-03	-3.690158845611346741e-08
6.400000000000525061e-03	-3.743237898699088980e-08
6.440000000000530370e-03	-4.753435518544321081e-08
6.480000000000535679e-03	-6.476870390468866392e-08
6.520000000000540988e-03	-8.231723836529181094e-08
6.560000000000546297e-03	-8.174955910762633812e-08
6.600000000000551606e-03	-8.697471321616431768e-08
6.640000000000556915e-03	-8.133047772934224312e-08
6.680000000000562224e-03	-7.209236550259854851e-08
6.720000000000567533e-03	-5.980194355223119012e-08
6.760000000000572842e-03	-5.226214805787234417e-08
6.800000000000578151e-03	-4.605945045259093931e-08
6.840000000000583461e-03	-3.029862041570912296e-08
6.880000000000588770e-03	-3.719586221977650880e-08
6.920000000000594079e-03	-3.583199143851640137e-08
6.960000000000599388e-03	-4.472834451327632248e-08
7.000000000000604697e-03	-6.746683644188855726e-08
