0.000000000000000000e+00	-5.052341945189141901e-30
3.999999999999998294e-05	-3.148135944036274903e-08
7.999999999999987102e-05	-2.041740291876016735e-06
1.199999999999997591e-04	-6.329373726133491228e-06
1.599999999999996607e-04	-1.366449395621691570e-05
1.999999999999995488e-04	-2.261422756910324802e-05
2.399999999999994369e-04	-3.066454065453720900e-05
2.800000000000003007e-04	-3.502048283411306423e-05
3.200000000000012730e-04	-3.339275399930708370e-05
3.600000000000022453e-04	-2.619417196391425254e-05
4.000000000000032176e-04	-1.539932448174964562e-05
4.400000000000041898e-04	-4.486876421572363980e-06
4.800000000000051621e-04	3.797350348055590922e-06
5.200000000000061344e-04	8.260380702856052386e-06
5.600000000000071067e-04	9.146754429784794663e-06
6.000000000000080790e-04	8.134588111361560012e-06
6.400000000000090512e-04	6.591141730251094295e-06
6.800000000000100235e-04	6.196851695768722759e-06
7.200000000000109958e-04	6.172388470940393209e-06
7.600000000000119681e-04	6.957072013043101982e-06
8.000000000000129403e-04	7.759446642280633222e-06
8.400000000000139126e-04	8.567167918678693397e-06
8.800000000000148849e-04	9.178123428563106782e-06
9.200000000000158572e-04	9.273866134178480454e-06
9.600000000000168295e-04	9.220875866107212777e-06
1.000000000000015200e-03	8.882689573763752529e-06
1.040000000000011835e-03	8.622008506960877495e-06
1.080000000000008471e-03	8.335460410115508428e-06
1.120000000000005106e-03	8.010888104403597514e-06
1.160000000000001742e-03	7.813945572858112547e-06
1.199999999999998377e-03	7.496033788786012753e-06
1.239999999999995012e-03	7.271802608108709608e-06
1.279999999999991648e-03	6.988007302784722098e-06
1.319999999999988283e-03	6.640891130676810698e-06
1.359999999999984919e-03	6.126819337414182690e-06
1.399999999999981554e-03	5.460790100758579377e-06
1.439999999999978190e-03	4.734190245621671790e-06
1.479999999999974825e-03	3.974818515557137588e-06
1.519999999999971461e-03	3.324009888720422845e-06
1.559999999999968096e-03	2.717470261089350370e-06
1.599999999999964732e-03	2.172002710010355405e-06
1.639999999999961367e-03	1.688714026465116464e-06
1.679999999999958003e-03	1.230544830708219815e-06
1.719999999999954638e-03	9.224689812775880332e-07
1.759999999999951274e-03	6.774973283550035986e-07
1.799999999999947909e-03	6.515791184724095368e-07
1.839999999999944544e-03	6.812404275511684065e-07
1.879999999999941180e-03	7.294213735548588653e-07
1.919999999999937815e-03	7.144934138163100367e-07
1.959999999999935752e-03	5.882983103049985163e-07
1.999999999999941061e-03	4.627258083672510416e-07
2.039999999999946370e-03	3.081022179194047208e-07
2.079999999999951679e-03	1.902575458176874107e-07
2.119999999999956988e-03	4.203903874772961922e-08
2.159999999999962297e-03	-2.117172544604089778e-07
2.199999999999967606e-03	-5.213091208301994759e-07
2.239999999999972916e-03	-9.207961880096464106e-07
2.279999999999978225e-03	-1.305153611754339359e-06
2.319999999999983534e-03	-1.638887368809320090e-06
2.359999999999988843e-03	-1.858827628702510440e-06
2.399999999999994152e-03	-1.946209968499543449e-06
2.439999999999999461e-03	-1.901731887043618053e-06
2.480000000000004770e-03	-1.746828756891181647e-06
2.520000000000010079e-03	-1.469560659444250775e-06
2.560000000000015388e-03	-1.079833895936394760e-06
2.600000000000020697e-03	-6.734980671782469316e-07
2.640000000000026006e-03	-3.206528685843569431e-07
2.680000000000031316e-03	-1.245297493654778887e-07
2.720000000000036625e-03	-7.464090319405943573e-08
2.760000000000041934e-03	-1.457542531930449900e-07
2.800000000000047243e-03	-2.683822828307374540e-07
2.840000000000052552e-03	-3.663745098967670847e-07
2.880000000000057861e-03	-4.036384200218314462e-07
2.920000000000063170e-03	-4.167363029578738694e-07
2.960000000000068479e-03	-4.004068686930937528e-07
3.000000000000073788e-03	-3.807255876108648369e-07
3.040000000000079097e-03	-3.568724260475233173e-07
3.080000000000084406e-03	-2.864608343635042356e-07
3.120000000000089715e-03	-2.234448552224977181e-07
3.160000000000095025e-03	-2.034386898521187808e-07
3.200000000000100334e-03	-2.689198859875887558e-07
3.240000000000105643e-03	-4.020892041381388384e-07
3.280000000000110952e-03	-6.035323069886175806e-07
3.320000000000116261e-03	-8.457336383599688376e-07
3.360000000000121570e-03	-1.003386953603777154e-06
3.400000000000126879e-03	-1.082725658405410225e-06
3.440000000000132188e-03	-1.087839316923113962e-06
3.480000000000137497e-03	-1.006233947762139496e-06
3.520000000000142806e-03	-9.140690512535899421e-07
3.560000000000148115e-03	-7.396125358500182363e-07
3.600000000000153424e-03	-5.805237800363175569e-07
3.640000000000158734e-03	-4.413570495916714315e-07
3.680000000000164043e-03	-3.084417568965672670e-07
3.720000000000169352e-03	-2.803727241667433558e-07
3.760000000000174661e-03	-2.881076568057593323e-07
3.800000000000179970e-03	-3.693728868162569232e-07
3.840000000000185279e-03	-4.549841594980276995e-07
3.880000000000190588e-03	-5.243242089797580774e-07
3.920000000000195897e-03	-5.184091431751796577e-07
3.960000000000201206e-03	-4.208483906099938436e-07
4.000000000000206515e-03	-3.086248917510381483e-07
4.040000000000211824e-03	-1.394471027487847923e-07
4.080000000000217134e-03	6.388735045125250859e-08
4.120000000000222443e-03	2.757164342165561141e-07
4.160000000000227752e-03	4.995464135809438545e-07
4.200000000000233061e-03	6.658622387196329188e-07
4.240000000000238370e-03	8.266166865835589240e-07
4.280000000000243679e-03	8.989231510044533821e-07
4.320000000000248988e-03	9.139605692317092101e-07
4.360000000000254297e-03	8.689729038263186778e-07
4.400000000000259606e-03	8.015992162719799429e-07
4.440000000000264915e-03	7.146220235586603246e-07
4.480000000000270224e-03	6.180136442443915543e-07
4.520000000000275533e-03	5.630786594005429710e-07
4.560000000000280843e-03	4.590329173661417921e-07
4.600000000000286152e-03	3.894323949402956845e-07
4.640000000000291461e-03	2.792541564043575980e-07
4.680000000000296770e-03	1.796951413768022664e-07
4.720000000000302079e-03	9.578485154455293815e-08
4.760000000000307388e-03	3.465158792270672078e-08
4.800000000000312697e-03	4.503242125566241057e-08
4.840000000000318006e-03	7.376516985264106311e-08
4.880000000000323315e-03	1.459377333911436458e-07
4.920000000000328624e-03	2.526529480567732593e-07
4.960000000000333933e-03	3.508842832480675761e-07
5.000000000000339243e-03	4.690038498629370135e-07
5.040000000000344552e-03	5.490115812394917185e-07
5.080000000000349861e-03	6.155132850714912637e-07
5.120000000000355170e-03	6.190330203848893904e-07
5.160000000000360479e-03	5.825381400439464018e-07
5.200000000000365788e-03	4.987262684048475312e-07
5.240000000000371097e-03	4.079227914016502409e-07
5.280000000000376406e-03	3.259950154118229224e-07
5.320000000000381715e-03	2.491422925245289863e-07
5.360000000000387024e-03	2.039126131483065553e-07
5.400000000000392333e-03	1.603913432672950606e-07
5.440000000000397642e-03	9.728795045994386137e-08
5.480000000000402952e-03	2.691736807834308672e-08
5.520000000000408261e-03	-5.746824463046351087e-08
5.560000000000413570e-03	-1.255946962941634680e-07
5.600000000000418879e-03	-1.917765200047050726e-07
5.640000000000424188e-03	-2.279744670413243556e-07
5.680000000000429497e-03	-2.379209712135802617e-07
5.720000000000434806e-03	-2.514886792375201713e-07
5.760000000000440115e-03	-2.478037458472460436e-07
5.800000000000445424e-03	-2.429053557657329061e-07
5.840000000000450733e-03	-2.421586735748394884e-07
5.880000000000456042e-03	-2.440351635353305767e-07
5.920000000000461352e-03	-2.562465518557291341e-07
5.960000000000466661e-03	-2.711652192240012314e-07
6.000000000000471970e-03	-2.941841763327277358e-07
6.040000000000477279e-03	-3.103088331673716251e-07
6.080000000000482588e-03	-2.975249317084312787e-07
6.120000000000487897e-03	-2.728479404180622199e-07
6.160000000000493206e-03	-2.294653076167536987e-07
6.200000000000498515e-03	-1.680827899496691861e-07
6.240000000000503824e-03	-1.151314682214906494e-07
6.280000000000509133e-03	-6.823038332999617060e-08
6.320000000000514442e-03	-2.206530437720547697e-08
6.360000000000519751e-03	2.685382811455154949e-08
6.400000000000525061e-03	6.237845722478398347e-08
6.440000000000530370e-03	9.500401132196611224e-08
6.480000000000535679e-03	1.172128077434216207e-07
6.520000000000540988e-03	1.219974806033908001e-07
6.560000000000546297e-03	1.174503905036607671e-07
6.600000000000551606e-03	8.940217225571082674e-08
6.640000000000556915e-03	6.996382702237835714e-08
6.680000000000562224e-03	4.009453360622281978e-08
6.720000000000567533e-03	1.728014149599696563e-08
6.760000000000572842e-03	4.045503359860855622e-09
6.800000000000578151e-03	-2.152151971939354047e-08
6.840000000000583461e-03	-2.489251558940815184e-08
6.880000000000588770e-03	-3.918099170718864050e-08
6.920000000000594079e-03	-5.488629625542534056e-08
6.960000000000599388e-03	-8.020249091237990774e-08
7.000000000000604697e-03	-9.647810764334460816e-08
