0.000000000000000000e+00	1.686751796803208827e-31
3.999999999999998294e-05	-2.807416640737692630e-08
7.999999999999987102e-05	-2.060389758858761929e-06
1.199999999999997591e-04	-6.439019369006011343e-06
1.599999999999996607e-04	-1.386864846489753233e-05
1.999999999999995488e-04	-2.334442002240542517e-05
2.399999999999994369e-04	-3.225058862205396916e-05
2.800000000000003007e-04	-3.781861799694393220e-05
3.200000000000012730e-04	-3.756874282804807918e-05
3.600000000000022453e-04	-3.131766931878685539e-05
4.000000000000032176e-04	-2.074942869617704496e-05
4.400000000000041898e-04	-8.998540192382078361e-06
4.800000000000051621e-04	1.077775537857191589e-06
5.200000000000061344e-04	7.856568708481331421e-06
5.600000000000071067e-04	1.128365566193563180e-05
6.000000000000080790e-04	1.239080610497260657e-05
6.400000000000090512e-04	1.247706414273985542e-05
6.800000000000100235e-04	1.304554960451082590e-05
7.200000000000109958e-04	1.331321290223209663e-05
7.600000000000119681e-04	1.373681558338976625e-05
8.000000000000129403e-04	1.374834273870635598e-05
8.400000000000139126e-04	1.346603968095753968e-05
8.800000000000148849e-04	1.281831620569964495e-05
9.200000000000158572e-04	1.191636395247481242e-05
9.600000000000168295e-04	1.102742717100194994e-05
1.000000000000015200e-03	1.023378795295281941e-05
1.040000000000011835e-03	9.561736349008437196e-06
1.080000000000008471e-03	8.920268318174373183e-06
1.120000000000005106e-03	8.214620816552120006e-06
1.160000000000001742e-03	7.482157400538113854e-06
1.199999999999998377e-03	6.720478618807088157e-06
1.239999999999995012e-03	6.044857250333659899e-06
1.279999999999991648e-03	5.392661461354272286e-06
1.319999999999988283e-03	4.707125997351431821e-06
1.359999999999984919e-03	3.962996504432890615e-06
1.399999999999981554e-03	3.181150126318369041e-06
1.439999999999978190e-03	2.423574517442004837e-06
1.479999999999974825e-03	1.815358066837107147e-06
1.519999999999971461e-03	1.418475185946044677e-06
1.559999999999968096e-03	1.179912371500800825e-06
1.599999999999964732e-03	1.016034079448241736e-06
1.639999999999961367e-03	7.673861893067603247e-07
1.679999999999958003e-03	3.687565723903659669e-07
1.719999999999954638e-03	-1.522324270788666786e-07
1.759999999999951274e-03	-7.457339190904385778e-07
1.799999999999947909e-03	-1.250493510897968106e-06
1.839999999999944544e-03	-1.651474575307031844e-06
1.879999999999941180e-03	-1.890705300220754698e-06
1.919999999999937815e-03	-1.992157584709088169e-06
1.959999999999935752e-03	-1.977081330276044570e-06
1.999999999999941061e-03	-1.897610384154282631e-06
2.039999999999946370e-03	-1.707768597460917099e-06
2.079999999999951679e-03	-1.426527260741598326e-06
2.119999999999956988e-03	-1.126940537913908045e-06
2.159999999999962297e-03	-8.244478427740153267e-07
2.199999999999967606e-03	-5.819078183934964349e-07
2.239999999999972916e-03	-3.741472475177068727e-07
2.279999999999978225e-03	-2.150634648127493289e-07
2.319999999999983534e-03	-3.809472218170801789e-08
2.359999999999988843e-03	1.690663946393057798e-07
2.399999999999994152e-03	3.847065469147882502e-07
2.439999999999999461e-03	5.624543291782888325e-07
2.480000000000004770e-03	6.439724058657425859e-07
2.520000000000010079e-03	5.889126318917268116e-07
2.560000000000015388e-03	4.083274229312031105e-07
2.600000000000020697e-03	1.487407975578075121e-07
2.640000000000026006e-03	-1.933135342812904139e-07
2.680000000000031316e-03	-5.419868044003795023e-07
2.720000000000036625e-03	-9.070376903669862220e-07
2.760000000000041934e-03	-1.236112686784009009e-06
2.800000000000047243e-03	-1.497915846170681137e-06
2.840000000000052552e-03	-1.686845862445688003e-06
2.880000000000057861e-03	-1.748517680299962363e-06
2.920000000000063170e-03	-1.716997636228191877e-06
2.960000000000068479e-03	-1.598266049761112458e-06
3.000000000000073788e-03	-1.421211214942328669e-06
3.040000000000079097e-03	-1.261090764004138223e-06
3.080000000000084406e-03	-1.080571789436170430e-06
3.120000000000089715e-03	-9.219711081909294177e-07
3.160000000000095025e-03	-7.337330216169179115e-07
3.200000000000100334e-03	-4.920938354089989603e-07
3.240000000000105643e-03	-1.889502065144362629e-07
3.280000000000110952e-03	1.333814009559682831e-07
3.320000000000116261e-03	4.263110239060218725e-07
3.360000000000121570e-03	6.590453164385366089e-07
3.400000000000126879e-03	8.006317550692967218e-07
3.440000000000132188e-03	8.553332664758088588e-07
3.480000000000137497e-03	8.372998415399348712e-07
3.520000000000142806e-03	7.711294653344014759e-07
3.560000000000148115e-03	6.976439679832659507e-07
3.600000000000153424e-03	6.015182042741347478e-07
3.640000000000158734e-03	5.211857552477950191e-07
3.680000000000164043e-03	4.643721683027609665e-07
3.720000000000169352e-03	4.335220628523484982e-07
3.760000000000174661e-03	4.543007536821476775e-07
3.800000000000179970e-03	4.690953940813154865e-07
3.840000000000185279e-03	4.829386637826585782e-07
3.880000000000190588e-03	4.610559924064457357e-07
3.920000000000195897e-03	3.969182973880082169e-07
3.960000000000201206e-03	3.050384376357219754e-07
4.000000000000206515e-03	1.571929429997812555e-07
4.040000000000211824e-03	2.764316586743044469e-08
4.080000000000217134e-03	-9.755330537594041444e-08
4.120000000000222443e-03	-1.601179408848967483e-07
4.160000000000227752e-03	-1.730633511663865153e-07
4.200000000000233061e-03	-1.273865909465795111e-07
4.240000000000238370e-03	-4.798703122389151869e-08
4.280000000000243679e-03	2.255839524542591984e-08
4.320000000000248988e-03	6.917466515264019243e-08
4.360000000000254297e-03	6.592167650266625199e-08
4.400000000000259606e-03	3.343088298546855668e-08
4.440000000000264915e-03	-3.119033759582753402e-08
4.480000000000270224e-03	-7.033131307346451097e-08
4.520000000000275533e-03	-8.372652251224983769e-08
4.560000000000280843e-03	-7.930852901387169750e-08
4.600000000000286152e-03	-4.979314267165473601e-08
4.640000000000291461e-03	-1.132006808694144193e-08
4.680000000000296770e-03	4.926649817065334832e-08
4.720000000000302079e-03	1.242303911702046105e-07
4.760000000000307388e-03	2.261348426521163085e-07
4.800000000000312697e-03	3.258134154399770011e-07
4.840000000000318006e-03	4.323143178800485190e-07
4.880000000000323315e-03	4.810344780201348779e-07
4.920000000000328624e-03	5.201064881955293325e-07
4.960000000000333933e-03	5.205235477030403182e-07
5.000000000000339243e-03	4.993075779342372002e-07
5.040000000000344552e-03	4.629059454238322730e-07
5.080000000000349861e-03	4.134716856898153542e-07
5.120000000000355170e-03	3.418316646466769770e-07
5.160000000000360479e-03	2.462468555512303525e-07
5.200000000000365788e-03	1.160648322976466763e-07
5.240000000000371097e-03	-8.286078875002399282e-09
5.280000000000376406e-03	-1.308867766183472408e-07
5.320000000000381715e-03	-2.188239663054113184e-07
5.360000000000387024e-03	-2.961672800566869563e-07
5.400000000000392333e-03	-3.468578788976422681e-07
5.440000000000397642e-03	-3.827895525241921277e-07
5.480000000000402952e-03	-3.815370272058547108e-07
5.520000000000408261e-03	-3.735326020960426299e-07
5.560000000000413570e-03	-3.549347209045824154e-07
5.600000000000418879e-03	-3.269763735125867581e-07
5.640000000000424188e-03	-3.009314119653024290e-07
5.680000000000429497e-03	-2.897550504855834603e-07
5.720000000000434806e-03	-2.728411803617878811e-07
5.760000000000440115e-03	-2.564408888210872996e-07
5.800000000000445424e-03	-2.255366142701931002e-07
5.840000000000450733e-03	-2.100610397649838302e-07
5.880000000000456042e-03	-2.032416092431124572e-07
5.920000000000461352e-03	-2.074423234878070612e-07
5.960000000000466661e-03	-2.064171009661044253e-07
6.000000000000471970e-03	-1.958861518796821529e-07
6.040000000000477279e-03	-1.560773413194208308e-07
6.080000000000482588e-03	-1.017578937660550881e-07
6.120000000000487897e-03	-4.453349272151054962e-08
6.160000000000493206e-03	2.959750615268601292e-08
6.200000000000498515e-03	9.365017998106031613e-08
6.240000000000503824e-03	1.495125013494183093e-07
6.280000000000509133e-03	1.962479777381776139e-07
6.320000000000514442e-03	2.305765173960709473e-07
6.360000000000519751e-03	2.475755977209079019e-07
6.400000000000525061e-03	2.384745275628029431e-07
6.440000000000530370e-03	1.961074089371700325e-07
6.480000000000535679e-03	1.383618491842789130e-07
6.520000000000540988e-03	8.463211366833692037e-08
6.560000000000546297e-03	2.160675107692699251e-08
6.600000000000551606e-03	-6.425098923816298071e-09
6.640000000000556915e-03	-1.625637415334201756e-08
6.680000000000562224e-03	-6.377236318914566506e-09
6.720000000000567533e-03	1.833580694974840479e-08
6.760000000000572842e-03	4.888547980686079622e-08
6.800000000000578151e-03	7.863305372034526718e-08
6.840000000000583461e-03	1.126696477895370976e-07
6.880000000000588770e-03	1.497997188560994961e-07
6.920000000000594079e-03	1.862065240708740937e-07
6.960000000000599388e-03	1.977598023645414226e-07
7.000000000000604697e-03	1.935780015214743963e-07
