0.000000000000000000e+00	-6.261337397823855262e-31
3.999999999999998294e-05	-2.968700555670743291e-08
7.999999999999987102e-05	-2.053341872500800345e-06
1.199999999999997591e-04	-6.341135079625709199e-06
1.599999999999996607e-04	-1.367273871883400688e-05
1.999999999999995488e-04	-2.263471207861089655e-05
2.399999999999994369e-04	-3.070847018270546455e-05
2.800000000000003007e-04	-3.502780637526206375e-05
3.200000000000012730e-04	-3.339394458549907604e-05
3.600000000000022453e-04	-2.615673262272543012e-05
4.000000000000032176e-04	-1.532326554361598814e-05
4.400000000000041898e-04	-4.326257872036566464e-06
4.800000000000051621e-04	4.055208995204224158e-06
5.200000000000061344e-04	8.604765358412933736e-06
5.600000000000071067e-04	9.587804653856591466e-06
6.000000000000080790e-04	8.653345076331868618e-06
6.400000000000090512e-04	7.173753298115415469e-06
6.800000000000100235e-04	6.830445564182413174e-06
7.200000000000109958e-04	6.838584718163583123e-06
7.600000000000119681e-04	7.630761380575272533e-06
8.000000000000129403e-04	8.468703898641039056e-06
8.400000000000139126e-04	9.290059002721742733e-06
8.800000000000148849e-04	9.757069369798832001e-06
9.200000000000158572e-04	9.745651496540605173e-06
9.600000000000168295e-04	9.551163847915309694e-06
1.000000000000015200e-03	9.183742086219744317e-06
1.040000000000011835e-03	8.941667969739153601e-06
1.080000000000008471e-03	8.658583890545538554e-06
1.120000000000005106e-03	8.282182094541608680e-06
1.160000000000001742e-03	7.872885330917599663e-06
1.199999999999998377e-03	7.068003148099799869e-06
1.239999999999995012e-03	6.319262816104313384e-06
1.279999999999991648e-03	5.584320752737984173e-06
1.319999999999988283e-03	5.017354778904305596e-06
1.359999999999984919e-03	4.568889154214158556e-06
1.399999999999981554e-03	4.235269168778568855e-06
1.439999999999978190e-03	4.041163721493196324e-06
1.479999999999974825e-03	3.887049098001343632e-06
1.519999999999971461e-03	3.789894622606169065e-06
1.559999999999968096e-03	3.659248030613412791e-06
1.599999999999964732e-03	3.278874335593048669e-06
1.639999999999961367e-03	2.668095993923377396e-06
1.679999999999958003e-03	1.801402266509961888e-06
1.719999999999954638e-03	8.068221554958316499e-07
1.759999999999951274e-03	-1.374720034271431902e-07
1.799999999999947909e-03	-7.851806894950322645e-07
1.839999999999944544e-03	-1.131895556807690693e-06
1.879999999999941180e-03	-1.212604645846367028e-06
1.919999999999937815e-03	-1.124150271028085172e-06
1.959999999999935752e-03	-8.277161345132856686e-07
1.999999999999941061e-03	-4.716872814892342071e-07
2.039999999999946370e-03	-7.966248969575866235e-08
2.079999999999951679e-03	3.211879228892230351e-07
2.119999999999956988e-03	5.720484738069354234e-07
2.159999999999962297e-03	6.233377197570937773e-07
2.199999999999967606e-03	3.619004325588371968e-07
2.239999999999972916e-03	-1.476334395237894914e-07
2.279999999999978225e-03	-7.037602151222902055e-07
2.319999999999983534e-03	-1.186096078451898986e-06
2.359999999999988843e-03	-1.550076963533844807e-06
2.399999999999994152e-03	-1.768352565009823534e-06
2.439999999999999461e-03	-1.903508891328217462e-06
2.480000000000004770e-03	-1.888239729631240288e-06
2.520000000000010079e-03	-1.813775193263252770e-06
2.560000000000015388e-03	-1.616086134661271600e-06
2.600000000000020697e-03	-1.231805329478517248e-06
2.640000000000026006e-03	-7.813850372953787923e-07
2.680000000000031316e-03	-3.384318888642859628e-07
2.720000000000036625e-03	-3.712096231801420279e-09
2.760000000000041934e-03	1.356532768447360312e-07
2.800000000000047243e-03	1.187857619022609601e-07
2.840000000000052552e-03	-2.989879091779894463e-08
2.880000000000057861e-03	-1.442637346454094483e-07
2.920000000000063170e-03	-2.335496584763490159e-07
2.960000000000068479e-03	-2.537233521237526332e-07
3.000000000000073788e-03	-2.766820123759812554e-07
3.040000000000079097e-03	-3.155788225285057699e-07
3.080000000000084406e-03	-3.481657238457229281e-07
3.120000000000089715e-03	-3.848846201799924562e-07
3.160000000000095025e-03	-4.007047502556501674e-07
3.200000000000100334e-03	-4.177230486651320426e-07
3.240000000000105643e-03	-4.270280952950306856e-07
3.280000000000110952e-03	-4.151144502862997949e-07
3.320000000000116261e-03	-4.239395369917067908e-07
3.360000000000121570e-03	-4.605949720538223334e-07
3.400000000000126879e-03	-4.523649422772296907e-07
3.440000000000132188e-03	-4.173281350324396710e-07
3.480000000000137497e-03	-3.447276463842139078e-07
3.520000000000142806e-03	-2.710903354996320439e-07
3.560000000000148115e-03	-2.188112261843313486e-07
3.600000000000153424e-03	-1.836902006307773989e-07
3.640000000000158734e-03	-1.978415127021954044e-07
3.680000000000164043e-03	-2.401216897382350538e-07
3.720000000000169352e-03	-3.041274043873753419e-07
3.760000000000174661e-03	-3.523227434235080217e-07
3.800000000000179970e-03	-3.837714465172607920e-07
3.840000000000185279e-03	-3.931568578203287930e-07
3.880000000000190588e-03	-4.181527491190109233e-07
3.920000000000195897e-03	-4.570750044061736821e-07
3.960000000000201206e-03	-4.643944656792719197e-07
4.000000000000206515e-03	-4.606820203239347162e-07
4.040000000000211824e-03	-3.368114207060477269e-07
4.080000000000217134e-03	-1.238373630526032795e-07
4.120000000000222443e-03	2.085717423223680478e-07
4.160000000000227752e-03	5.623811634120949432e-07
4.200000000000233061e-03	8.642266536383230087e-07
4.240000000000238370e-03	1.100547010335320384e-06
4.280000000000243679e-03	1.173830035897577194e-06
4.320000000000248988e-03	1.159392439020997802e-06
4.360000000000254297e-03	1.043289023124321060e-06
4.400000000000259606e-03	8.761647819488994694e-07
4.440000000000264915e-03	7.245599940378314055e-07
4.480000000000270224e-03	5.175161326019075307e-07
4.520000000000275533e-03	3.577010720045769999e-07
4.560000000000280843e-03	1.995851851181782018e-07
4.600000000000286152e-03	9.910819368364619625e-08
4.640000000000291461e-03	5.401841669979727443e-08
4.680000000000296770e-03	5.886467461083273764e-09
4.720000000000302079e-03	4.079304576897139124e-09
4.760000000000307388e-03	-1.721493406268319205e-08
4.800000000000312697e-03	-4.766824230722382443e-08
4.840000000000318006e-03	-8.682613716307707626e-08
4.880000000000323315e-03	-1.206763344009093052e-07
4.920000000000328624e-03	-1.114641234471225217e-07
4.960000000000333933e-03	-1.021136018178154777e-07
5.000000000000339243e-03	-4.087791217748163469e-08
5.040000000000344552e-03	3.131292306434610438e-08
5.080000000000349861e-03	1.036738084838186260e-07
5.120000000000355170e-03	1.608502572922967700e-07
5.160000000000360479e-03	1.849961117650269793e-07
5.200000000000365788e-03	1.784974967862239882e-07
5.240000000000371097e-03	1.311954251964038168e-07
5.280000000000376406e-03	6.239105185441145689e-08
5.320000000000381715e-03	-1.225606933034754238e-08
5.360000000000387024e-03	-7.042673097359032289e-08
5.400000000000392333e-03	-1.247089348357046565e-07
5.440000000000397642e-03	-1.693533258659383344e-07
5.480000000000402952e-03	-1.723338747047802284e-07
5.520000000000408261e-03	-1.750842179962123909e-07
5.560000000000413570e-03	-1.374973674345278339e-07
5.600000000000418879e-03	-1.084785260687383674e-07
5.640000000000424188e-03	-6.225611057528016129e-08
5.680000000000429497e-03	4.002565503064763702e-09
5.720000000000434806e-03	3.964239438431407333e-08
5.760000000000440115e-03	1.096804466165918404e-07
5.800000000000445424e-03	1.456259114490147375e-07
5.840000000000450733e-03	1.896436087800415165e-07
5.880000000000456042e-03	2.111337835692444392e-07
5.920000000000461352e-03	1.861076325037441023e-07
5.960000000000466661e-03	1.604727034997029761e-07
6.000000000000471970e-03	1.118282277231341063e-07
6.040000000000477279e-03	9.545106363126716176e-08
6.080000000000482588e-03	1.047433379896238684e-07
6.120000000000487897e-03	1.241152948784532682e-07
6.160000000000493206e-03	1.571608945697840812e-07
6.200000000000498515e-03	1.678479400446854375e-07
6.240000000000503824e-03	1.427642846918827081e-07
6.280000000000509133e-03	9.829095660404875054e-08
6.320000000000514442e-03	4.785455021252826539e-08
6.360000000000519751e-03	2.056847861967765366e-08
6.400000000000525061e-03	1.381573485670443629e-08
6.440000000000530370e-03	2.621029536316393272e-08
6.480000000000535679e-03	5.393990060613145645e-08
6.520000000000540988e-03	5.678507539794130906e-08
6.560000000000546297e-03	4.961768376695572582e-08
6.600000000000551606e-03	1.951918311613224020e-08
6.640000000000556915e-03	3.894734219613520158e-09
6.680000000000562224e-03	-1.876978594067941067e-08
6.720000000000567533e-03	-5.510903470474021821e-08
6.760000000000572842e-03	-8.012897545641621700e-08
6.800000000000578151e-03	-8.620812349962400811e-08
6.840000000000583461e-03	-9.055522494882309137e-08
6.880000000000588770e-03	-8.605502742308541722e-08
6.920000000000594079e-03	-1.022443128097593608e-07
6.960000000000599388e-03	-1.193890978563809276e-07
7.000000000000604697e-03	-1.525182917918558841e-07
