0.000000000000000000e+00	-1.565417614431501191e-30
3.999999999999998294e-05	-2.910803326549433678e-08
7.999999999999987102e-05	-2.038103667860379520e-06
1.199999999999997591e-04	-6.330429586562063060e-06
1.599999999999996607e-04	-1.367063740775918619e-05
1.999999999999995488e-04	-2.272819108109807082e-05
2.399999999999994369e-04	-3.099522781759022244e-05
2.800000000000003007e-04	-3.562267314956474757e-05
3.200000000000012730e-04	-3.438402486518579211e-05
3.600000000000022453e-04	-2.771213664493402378e-05
4.000000000000032176e-04	-1.740959037036732065e-05
4.400000000000041898e-04	-6.971847659712274328e-06
4.800000000000051621e-04	1.179779993502941557e-06
5.200000000000061344e-04	5.991651078432597878e-06
5.600000000000071067e-04	7.979322557150889995e-06
6.000000000000080790e-04	8.495984846080317288e-06
6.400000000000090512e-04	8.801916185863043680e-06
6.800000000000100235e-04	1.000270629903348580e-05
7.200000000000109958e-04	1.095043526747654872e-05
7.600000000000119681e-04	1.204343885285210548e-05
8.000000000000129403e-04	1.258297521689076647e-05
8.400000000000139126e-04	1.298161290848698398e-05
8.800000000000148849e-04	1.297645530923565956e-05
9.200000000000158572e-04	1.268690885725129591e-05
9.600000000000168295e-04	1.227321064846291722e-05
1.000000000000015200e-03	1.148205540096244091e-05
1.040000000000011835e-03	1.079848574425922680e-05
1.080000000000008471e-03	1.003994439817824253e-05
1.120000000000005106e-03	9.397292041820688569e-06
1.160000000000001742e-03	8.722870152304171323e-06
1.199999999999998377e-03	7.889740416460834310e-06
1.239999999999995012e-03	6.801580510791854732e-06
1.279999999999991648e-03	5.670084189347043232e-06
1.319999999999988283e-03	4.521643849725588085e-06
1.359999999999984919e-03	3.494380968692668337e-06
1.399999999999981554e-03	2.656330476142567394e-06
1.439999999999978190e-03	1.984437518100829475e-06
1.479999999999974825e-03	1.397670150415660782e-06
1.519999999999971461e-03	8.889966742916038885e-07
1.559999999999968096e-03	4.204024933638873358e-07
1.599999999999964732e-03	9.971059687307023934e-08
1.639999999999961367e-03	-1.116111557667712939e-07
1.679999999999958003e-03	-2.733173812876702731e-07
1.719999999999954638e-03	-4.993361108729841779e-07
1.759999999999951274e-03	-8.450300711342040953e-07
1.799999999999947909e-03	-1.252583988438437830e-06
1.839999999999944544e-03	-1.623454636167654691e-06
1.879999999999941180e-03	-1.863938902416193173e-06
1.919999999999937815e-03	-1.875842498973680999e-06
1.959999999999935752e-03	-1.726858620169681838e-06
1.999999999999941061e-03	-1.511133448532522646e-06
2.039999999999946370e-03	-1.341698903468154205e-06
2.079999999999951679e-03	-1.218700015536053300e-06
2.119999999999956988e-03	-1.141348641876474892e-06
2.159999999999962297e-03	-1.023548771085586134e-06
2.199999999999967606e-03	-8.432285317878658752e-07
2.239999999999972916e-03	-6.103476892172869173e-07
2.279999999999978225e-03	-3.838302664938290247e-07
2.319999999999983534e-03	-1.937232368529817418e-07
2.359999999999988843e-03	-8.423811168320836643e-08
2.399999999999994152e-03	-1.411910813489225199e-08
2.439999999999999461e-03	6.877091848572446042e-08
2.480000000000004770e-03	1.507734099892535883e-07
2.520000000000010079e-03	2.138649610625687427e-07
2.560000000000015388e-03	2.224487520976004129e-07
2.600000000000020697e-03	1.409557913284572925e-07
2.640000000000026006e-03	-2.818289257415250885e-08
2.680000000000031316e-03	-2.584762305243628979e-07
2.720000000000036625e-03	-4.841977836088147373e-07
2.760000000000041934e-03	-6.827296416614757632e-07
2.800000000000047243e-03	-8.577919405345308913e-07
2.840000000000052552e-03	-9.604837469718289235e-07
2.880000000000057861e-03	-1.014181863405159921e-06
2.920000000000063170e-03	-1.052508337645073130e-06
2.960000000000068479e-03	-1.032821855585042757e-06
3.000000000000073788e-03	-9.700869856518343584e-07
3.040000000000079097e-03	-8.760406659145755448e-07
3.080000000000084406e-03	-7.621683100550513303e-07
3.120000000000089715e-03	-6.561166308275008234e-07
3.160000000000095025e-03	-5.827121863456516961e-07
3.200000000000100334e-03	-5.619878567730593066e-07
3.240000000000105643e-03	-5.617812917866769427e-07
3.280000000000110952e-03	-5.853028986877990753e-07
3.320000000000116261e-03	-5.661499820157677415e-07
3.360000000000121570e-03	-5.018477288358384813e-07
3.400000000000126879e-03	-3.688357324634674596e-07
3.440000000000132188e-03	-2.276763613048636675e-07
3.480000000000137497e-03	-9.660496882057368959e-08
3.520000000000142806e-03	2.731211904092987761e-08
3.560000000000148115e-03	1.229317660906079913e-07
3.600000000000153424e-03	2.426612107465732770e-07
3.640000000000158734e-03	3.613975571773504075e-07
3.680000000000164043e-03	4.694489315038720524e-07
3.720000000000169352e-03	5.551629061577238968e-07
3.760000000000174661e-03	5.841163386375276289e-07
3.800000000000179970e-03	5.794312489450787796e-07
3.840000000000185279e-03	5.310943676705736294e-07
3.880000000000190588e-03	5.026990047706795528e-07
3.920000000000195897e-03	4.924279737375317856e-07
3.960000000000201206e-03	5.149492805363481154e-07
4.000000000000206515e-03	5.413385097149984507e-07
4.040000000000211824e-03	5.753264066165120736e-07
4.080000000000217134e-03	6.061728419256034753e-07
4.120000000000222443e-03	6.669393466020563267e-07
4.160000000000227752e-03	7.382779001320014785e-07
4.200000000000233061e-03	7.995049496780527181e-07
4.240000000000238370e-03	8.300994796589237821e-07
4.280000000000243679e-03	7.935840141123478482e-07
4.320000000000248988e-03	6.959983925946210223e-07
4.360000000000254297e-03	5.713587095273723258e-07
4.400000000000259606e-03	4.285671016836798354e-07
4.440000000000264915e-03	3.277791060589899425e-07
4.480000000000270224e-03	2.581385908998953483e-07
4.520000000000275533e-03	2.265408594790334563e-07
4.560000000000280843e-03	2.238341371657355603e-07
4.600000000000286152e-03	1.989601820233843575e-07
4.640000000000291461e-03	1.824203145889866255e-07
4.680000000000296770e-03	1.508441666495037429e-07
4.720000000000302079e-03	6.686562731983819320e-08
4.760000000000307388e-03	-1.569839947333821124e-08
4.800000000000312697e-03	-1.424872911092174547e-07
4.840000000000318006e-03	-2.544436239111944828e-07
4.880000000000323315e-03	-3.493209204409159161e-07
4.920000000000328624e-03	-4.102899615485120345e-07
4.960000000000333933e-03	-4.410178278917495304e-07
5.000000000000339243e-03	-4.296653493721405092e-07
5.040000000000344552e-03	-3.811543014148189073e-07
5.080000000000349861e-03	-3.317137734742000387e-07
5.120000000000355170e-03	-2.861620230173329899e-07
5.160000000000360479e-03	-2.410926182851491064e-07
5.200000000000365788e-03	-2.066400826071174650e-07
5.240000000000371097e-03	-1.892263167223760725e-07
5.280000000000376406e-03	-1.747372287994472101e-07
5.320000000000381715e-03	-1.513795715577390633e-07
5.360000000000387024e-03	-1.359864748224806746e-07
5.400000000000392333e-03	-1.091719373523485168e-07
5.440000000000397642e-03	-9.924908468354855195e-08
5.480000000000402952e-03	-9.284158678434594351e-08
5.520000000000408261e-03	-8.633116176150005883e-08
5.560000000000413570e-03	-8.525538411823733712e-08
5.600000000000418879e-03	-9.382212605986278145e-08
5.640000000000424188e-03	-1.121136546765866210e-07
5.680000000000429497e-03	-1.346733230062778489e-07
5.720000000000434806e-03	-1.547022131244188792e-07
5.760000000000440115e-03	-1.682991516162870464e-07
5.800000000000445424e-03	-1.718237373617298301e-07
5.840000000000450733e-03	-1.627111805172754751e-07
5.880000000000456042e-03	-1.374212102713233052e-07
5.920000000000461352e-03	-1.201389725864617558e-07
5.960000000000466661e-03	-8.854408585658793477e-08
6.000000000000471970e-03	-6.868053388183414763e-08
6.040000000000477279e-03	-4.574269962656776899e-08
6.080000000000482588e-03	-3.153130941657703922e-08
6.120000000000487897e-03	-4.288776121826968005e-09
6.160000000000493206e-03	1.127422199575003554e-08
6.200000000000498515e-03	3.259887554580521704e-08
6.240000000000503824e-03	5.051403841159473347e-08
6.280000000000509133e-03	7.972811088283685751e-08
6.320000000000514442e-03	1.149784322326402106e-07
6.360000000000519751e-03	1.367360680248620014e-07
6.400000000000525061e-03	1.601342223922668154e-07
6.440000000000530370e-03	1.703819402681555076e-07
6.480000000000535679e-03	1.703573637837967642e-07
6.520000000000540988e-03	1.734606853548975035e-07
6.560000000000546297e-03	1.640068525561817251e-07
6.600000000000551606e-03	1.550974084096754789e-07
6.640000000000556915e-03	1.493909502298361117e-07
6.680000000000562224e-03	1.549455349498825136e-07
6.720000000000567533e-03	1.363124643091425402e-07
6.760000000000572842e-03	1.274616264703941357e-07
6.800000000000578151e-03	1.257689054049057757e-07
6.840000000000583461e-03	1.156308695513801861e-07
6.880000000000588770e-03	1.017531326097404129e-07
6.920000000000594079e-03	9.651158726653041295e-08
6.960000000000599388e-03	8.430665657165976803e-08
7.000000000000604697e-03	8.069637949991333494e-08
