0.000000000000000000e+00	-2.896295671736700873e-30
3.999999999999998294e-05	-2.725443780463663948e-08
7.999999999999987102e-05	-2.048407491188886138e-06
1.199999999999997591e-04	-6.424071583937872972e-06
1.599999999999996607e-04	-1.383827148205645710e-05
1.999999999999995488e-04	-2.332592906850241646e-05
2.399999999999994369e-04	-3.220361434304541232e-05
2.800000000000003007e-04	-3.779454049126309862e-05
3.200000000000012730e-04	-3.756790776752284107e-05
3.600000000000022453e-04	-3.154007902098974987e-05
4.000000000000032176e-04	-2.128443074546477028e-05
4.400000000000041898e-04	-9.971557467612660134e-06
4.800000000000051621e-04	-2.777170772901226142e-07
5.200000000000061344e-04	6.397547444328790975e-06
5.600000000000071067e-04	1.008744973581042320e-05
6.000000000000080790e-04	1.176207439440645265e-05
6.400000000000090512e-04	1.256569228191604674e-05
6.800000000000100235e-04	1.372124361072085090e-05
7.200000000000109958e-04	1.441741424163890140e-05
7.600000000000119681e-04	1.501643412093426720e-05
8.000000000000129403e-04	1.510519341139338216e-05
8.400000000000139126e-04	1.483180468598356108e-05
8.800000000000148849e-04	1.426168339195249677e-05
9.200000000000158572e-04	1.334491427862041207e-05
9.600000000000168295e-04	1.240521390184653464e-05
1.000000000000015200e-03	1.143378951740556329e-05
1.040000000000011835e-03	1.055603992914928334e-05
1.080000000000008471e-03	9.824365038509576641e-06
1.120000000000005106e-03	9.014079616905245688e-06
1.160000000000001742e-03	8.220064506107667280e-06
1.199999999999998377e-03	7.257258044150802161e-06
1.239999999999995012e-03	6.215618395561531349e-06
1.279999999999991648e-03	5.126263114987918428e-06
1.319999999999988283e-03	4.004080581116207085e-06
1.359999999999984919e-03	2.925756530188866828e-06
1.399999999999981554e-03	1.894677366990919596e-06
1.439999999999978190e-03	1.069468487999513937e-06
1.479999999999974825e-03	3.975383360021127091e-07
1.519999999999971461e-03	2.218173378645535510e-08
1.559999999999968096e-03	-1.447234226968874507e-07
1.599999999999964732e-03	-2.275468948502858502e-07
1.639999999999961367e-03	-2.989523528157441545e-07
1.679999999999958003e-03	-4.941705154215427274e-07
1.719999999999954638e-03	-7.775192554512133268e-07
1.759999999999951274e-03	-1.089378601752118550e-06
1.799999999999947909e-03	-1.308189875034808223e-06
1.839999999999944544e-03	-1.379969724476212080e-06
1.879999999999941180e-03	-1.313668065075636977e-06
1.919999999999937815e-03	-1.198949128504220488e-06
1.959999999999935752e-03	-1.105550821034816505e-06
1.999999999999941061e-03	-1.069162788975769013e-06
2.039999999999946370e-03	-1.058804967176286452e-06
2.079999999999951679e-03	-1.015921766188359436e-06
2.119999999999956988e-03	-9.372629276122564774e-07
2.159999999999962297e-03	-8.165916753736326087e-07
2.199999999999967606e-03	-6.850623855873539709e-07
2.239999999999972916e-03	-5.964853392316783303e-07
2.279999999999978225e-03	-5.634358244611697488e-07
2.319999999999983534e-03	-5.294025591689143914e-07
2.359999999999988843e-03	-4.762552478061609288e-07
2.399999999999994152e-03	-3.396644239984485197e-07
2.439999999999999461e-03	-1.322339679597103298e-07
2.480000000000004770e-03	6.435808305134370575e-08
2.520000000000010079e-03	2.136328235435293271e-07
2.560000000000015388e-03	2.645445566353131660e-07
2.600000000000020697e-03	2.040405336841642020e-07
2.640000000000026006e-03	6.326916654688650700e-08
2.680000000000031316e-03	-1.244952201462336554e-07
2.720000000000036625e-03	-3.292572842962811328e-07
2.760000000000041934e-03	-5.149422928202035294e-07
2.800000000000047243e-03	-6.736270491327623227e-07
2.840000000000052552e-03	-8.173465236898346272e-07
2.880000000000057861e-03	-9.168772472712468508e-07
2.920000000000063170e-03	-9.768427767010627691e-07
2.960000000000068479e-03	-9.935265679415050904e-07
3.000000000000073788e-03	-9.999479884169930075e-07
3.040000000000079097e-03	-1.012728631239511113e-06
3.080000000000084406e-03	-1.019176798503981457e-06
3.120000000000089715e-03	-1.051754037448142538e-06
3.160000000000095025e-03	-1.047241534346786940e-06
3.200000000000100334e-03	-9.734576912285672068e-07
3.240000000000105643e-03	-8.173191142887576391e-07
3.280000000000110952e-03	-5.923379850983541490e-07
3.320000000000116261e-03	-2.989856198130952444e-07
3.360000000000121570e-03	-2.233351998247675033e-08
3.400000000000126879e-03	2.251496130508825663e-07
3.440000000000132188e-03	3.735795140317949414e-07
3.480000000000137497e-03	4.527359424430851181e-07
3.520000000000142806e-03	4.602760866199558873e-07
3.560000000000148115e-03	4.223070447340764435e-07
3.600000000000153424e-03	4.014798388095509589e-07
3.640000000000158734e-03	3.922911524429466393e-07
3.680000000000164043e-03	4.050617684407245930e-07
3.720000000000169352e-03	4.488879776654690115e-07
3.760000000000174661e-03	4.960409281588674000e-07
3.800000000000179970e-03	5.176008208619127082e-07
3.840000000000185279e-03	5.332942899441750004e-07
3.880000000000190588e-03	5.397732216430936250e-07
3.920000000000195897e-03	5.221897775838380303e-07
3.960000000000201206e-03	5.130695349790638156e-07
4.000000000000206515e-03	4.810887489807266026e-07
4.040000000000211824e-03	4.483124667810941529e-07
4.080000000000217134e-03	4.266286270260268327e-07
4.120000000000222443e-03	4.272423253781885340e-07
4.160000000000227752e-03	4.564090945632688542e-07
4.200000000000233061e-03	5.088978651740360432e-07
4.240000000000238370e-03	5.761670965072742193e-07
4.280000000000243679e-03	6.246057487524396037e-07
4.320000000000248988e-03	6.272460760892139189e-07
4.360000000000254297e-03	5.703350604037543320e-07
4.400000000000259606e-03	4.747502901087149111e-07
4.440000000000264915e-03	3.504795363582432247e-07
4.480000000000270224e-03	2.127803987861614717e-07
4.520000000000275533e-03	1.056610203368189081e-07
4.560000000000280843e-03	1.433566317919576765e-08
4.600000000000286152e-03	-6.412382283762128807e-08
4.640000000000291461e-03	-1.245269084455286872e-07
4.680000000000296770e-03	-1.660570137341634613e-07
4.720000000000302079e-03	-1.950643400499349428e-07
4.760000000000307388e-03	-1.926874330830199682e-07
4.800000000000312697e-03	-1.713897735797785132e-07
4.840000000000318006e-03	-1.467862807978541464e-07
4.880000000000323315e-03	-1.304606422994653927e-07
4.920000000000328624e-03	-1.167858982096487922e-07
4.960000000000333933e-03	-1.363270866580439567e-07
5.000000000000339243e-03	-1.498965167458247921e-07
5.040000000000344552e-03	-1.621776238911048593e-07
5.080000000000349861e-03	-1.598501324213028269e-07
5.120000000000355170e-03	-1.724064208510233495e-07
5.160000000000360479e-03	-1.747385179648050787e-07
5.200000000000365788e-03	-1.688374124439356891e-07
5.240000000000371097e-03	-1.565422145145386955e-07
5.280000000000376406e-03	-1.374061547051540112e-07
5.320000000000381715e-03	-1.038383987437576686e-07
5.360000000000387024e-03	-7.702529107855834859e-08
5.400000000000392333e-03	-5.272000304685303444e-08
5.440000000000397642e-03	-2.586033162370615704e-08
5.480000000000402952e-03	-1.449926655738784562e-08
5.520000000000408261e-03	-1.723166648467326269e-08
5.560000000000413570e-03	-2.439422243653589732e-08
5.600000000000418879e-03	-4.422261819800212628e-08
5.640000000000424188e-03	-8.291331924111861079e-08
5.680000000000429497e-03	-1.328864178210124592e-07
5.720000000000434806e-03	-1.625278352014242975e-07
5.760000000000440115e-03	-1.884969805715731516e-07
5.800000000000445424e-03	-2.120504458839913464e-07
5.840000000000450733e-03	-2.053594726993186310e-07
5.880000000000456042e-03	-1.884304665762080294e-07
5.920000000000461352e-03	-1.622489227538279506e-07
5.960000000000466661e-03	-1.315157453039525050e-07
6.000000000000471970e-03	-9.341048070403305477e-08
6.040000000000477279e-03	-3.602881506419394880e-08
6.080000000000482588e-03	1.410713548229931134e-08
6.120000000000487897e-03	6.263932201572491455e-08
6.160000000000493206e-03	9.012158447219184828e-08
6.200000000000498515e-03	1.097181911108682697e-07
6.240000000000503824e-03	1.039880332280094954e-07
6.280000000000509133e-03	8.610185178886527685e-08
6.320000000000514442e-03	7.649211335315373184e-08
6.360000000000519751e-03	5.628568072235511293e-08
6.400000000000525061e-03	5.696996578853893511e-08
6.440000000000530370e-03	5.385640361889259236e-08
6.480000000000535679e-03	4.512250313111114814e-08
6.520000000000540988e-03	3.817283449485934607e-08
6.560000000000546297e-03	3.961903050443114407e-08
6.600000000000551606e-03	5.363892824292725425e-08
6.640000000000556915e-03	6.302073325324828283e-08
6.680000000000562224e-03	7.900436578066842980e-08
6.720000000000567533e-03	8.164946786494428485e-08
6.760000000000572842e-03	1.020850490095459121e-07
6.800000000000578151e-03	9.722937985680674300e-08
6.840000000000583461e-03	1.024738788580454633e-07
6.880000000000588770e-03	1.204064823509460799e-07
6.920000000000594079e-03	1.229138252128522710e-07
6.960000000000599388e-03	1.333111222343130443e-07
7.000000000000604697e-03	1.486537386813129940e-07
