0.000000000000000000e+00	-1.777505491085939997e-30
3.999999999999998294e-05	-2.592088841856426407e-08
7.999999999999987102e-05	-2.051729259892031283e-06
1.199999999999997591e-04	-6.357413354827146578e-06
1.599999999999996607e-04	-1.376722206549355422e-05
1.999999999999995488e-04	-2.284380867191762503e-05
2.399999999999994369e-04	-3.126672337529141129e-05
2.800000000000003007e-04	-3.609446698745585657e-05
3.200000000000012730e-04	-3.524320154996056032e-05
3.600000000000022453e-04	-2.876029439993385326e-05
4.000000000000032176e-04	-1.849511207011382441e-05
4.400000000000041898e-04	-7.649899301235732786e-06
4.800000000000051621e-04	1.235797346567213703e-06
5.200000000000061344e-04	6.836243622387578486e-06
5.600000000000071067e-04	9.410388529659430328e-06
6.000000000000080790e-04	1.011127119406725058e-05
6.400000000000090512e-04	1.016165996019884360e-05
6.800000000000100235e-04	1.090008296551040678e-05
7.200000000000109958e-04	1.146489549439579825e-05
7.600000000000119681e-04	1.234603722526701769e-05
8.000000000000129403e-04	1.290696672576676444e-05
8.400000000000139126e-04	1.326943546377823773e-05
8.800000000000148849e-04	1.314489477048253308e-05
9.200000000000158572e-04	1.257594310239970555e-05
9.600000000000168295e-04	1.163080970678997505e-05
1.000000000000015200e-03	1.046226339746366316e-05
1.040000000000011835e-03	9.414867090337195456e-06
1.080000000000008471e-03	8.488532642165695478e-06
1.120000000000005106e-03	7.706349737100464588e-06
1.160000000000001742e-03	7.040033587624151803e-06
1.199999999999998377e-03	6.372426393638595601e-06
1.239999999999995012e-03	5.742161871744392161e-06
1.279999999999991648e-03	5.075414383269988272e-06
1.319999999999988283e-03	4.440440874742204696e-06
1.359999999999984919e-03	3.793459971180900757e-06
1.399999999999981554e-03	3.121411321424810499e-06
1.439999999999978190e-03	2.440264790372594256e-06
1.479999999999974825e-03	1.724114921994710979e-06
1.519999999999971461e-03	1.116434610539342293e-06
1.559999999999968096e-03	7.090664178695066986e-07
1.599999999999964732e-03	5.053549541264526286e-07
1.639999999999961367e-03	4.673122643729299991e-07
1.679999999999958003e-03	4.333115765546495151e-07
1.719999999999954638e-03	3.660737526026369427e-07
1.759999999999951274e-03	1.715442211856689322e-07
1.799999999999947909e-03	-5.964016562597480452e-08
1.839999999999944544e-03	-2.832044862932276809e-07
1.879999999999941180e-03	-4.648761368521564148e-07
1.919999999999937815e-03	-6.473762495033664444e-07
1.959999999999935752e-03	-8.363744236434639521e-07
1.999999999999941061e-03	-1.044807939897122702e-06
2.039999999999946370e-03	-1.271045603746501705e-06
2.079999999999951679e-03	-1.392102839572394591e-06
2.119999999999956988e-03	-1.415073201588953757e-06
2.159999999999962297e-03	-1.358006784609708082e-06
2.199999999999967606e-03	-1.191249019324249048e-06
2.239999999999972916e-03	-1.071116138464714772e-06
2.279999999999978225e-03	-9.349930986304783846e-07
2.319999999999983534e-03	-8.310480577622752436e-07
2.359999999999988843e-03	-6.833844145348421128e-07
2.399999999999994152e-03	-5.399941780920562505e-07
2.439999999999999461e-03	-4.241478026948472428e-07
2.480000000000004770e-03	-3.358621515957660881e-07
2.520000000000010079e-03	-3.020123369736560541e-07
2.560000000000015388e-03	-3.089552724951880442e-07
2.600000000000020697e-03	-3.376857990663460882e-07
2.640000000000026006e-03	-3.654616219109395139e-07
2.680000000000031316e-03	-3.503044333700471420e-07
2.720000000000036625e-03	-3.575962329211654983e-07
2.760000000000041934e-03	-3.358770853022181010e-07
2.800000000000047243e-03	-3.513725113488609538e-07
2.840000000000052552e-03	-3.519044698091853245e-07
2.880000000000057861e-03	-3.940458963864608469e-07
2.920000000000063170e-03	-4.754684680164577541e-07
2.960000000000068479e-03	-5.683530737934279980e-07
3.000000000000073788e-03	-6.647486969396835299e-07
3.040000000000079097e-03	-7.281367727510997400e-07
3.080000000000084406e-03	-7.752411883660223326e-07
3.120000000000089715e-03	-7.323392036133696700e-07
3.160000000000095025e-03	-6.671249906194527206e-07
3.200000000000100334e-03	-5.539344864088818139e-07
3.240000000000105643e-03	-4.405777166184274022e-07
3.280000000000110952e-03	-3.001133874698514619e-07
3.320000000000116261e-03	-1.433830052185747865e-07
3.360000000000121570e-03	2.334099181142368295e-08
3.400000000000126879e-03	1.832922690734833317e-07
3.440000000000132188e-03	2.866997723816340955e-07
3.480000000000137497e-03	3.453902642903261568e-07
3.520000000000142806e-03	3.535501311040120839e-07
3.560000000000148115e-03	3.522697692578102796e-07
3.600000000000153424e-03	3.505704336708447251e-07
3.640000000000158734e-03	3.814079060255971764e-07
3.680000000000164043e-03	4.293131265991287786e-07
3.720000000000169352e-03	4.283679580626517660e-07
3.760000000000174661e-03	4.137120615353322626e-07
3.800000000000179970e-03	3.099909998248569457e-07
3.840000000000185279e-03	2.147564351540657479e-07
3.880000000000190588e-03	1.249321685320630549e-07
3.920000000000195897e-03	6.986397449232366756e-08
3.960000000000201206e-03	7.258506274479286540e-08
4.000000000000206515e-03	8.693247371181915458e-08
4.040000000000211824e-03	1.152617034538828543e-07
4.080000000000217134e-03	1.342812158113025255e-07
4.120000000000222443e-03	1.469357962354891759e-07
4.160000000000227752e-03	1.715221155943334383e-07
4.200000000000233061e-03	1.883439464650210069e-07
4.240000000000238370e-03	1.832493494157421644e-07
4.280000000000243679e-03	1.484870252601565971e-07
4.320000000000248988e-03	9.544074684704862320e-08
4.360000000000254297e-03	1.736427036452593196e-08
4.400000000000259606e-03	-5.096838313404486627e-08
4.440000000000264915e-03	-6.454668053690185850e-08
4.480000000000270224e-03	-3.744569652002225163e-08
4.520000000000275533e-03	4.451197016581972803e-08
4.560000000000280843e-03	1.070899177048185156e-07
4.600000000000286152e-03	1.633141061790470584e-07
4.640000000000291461e-03	1.765313542019286259e-07
4.680000000000296770e-03	1.562220119216459565e-07
4.720000000000302079e-03	1.210576723909977927e-07
4.760000000000307388e-03	8.143855128841437907e-08
4.800000000000312697e-03	7.104658267030363219e-08
4.840000000000318006e-03	6.467155659843546326e-08
4.880000000000323315e-03	9.041741608617286564e-08
4.920000000000328624e-03	9.718190715352098590e-08
4.960000000000333933e-03	1.136911843950729496e-07
5.000000000000339243e-03	1.249815341190386793e-07
5.040000000000344552e-03	1.187676219088205697e-07
5.080000000000349861e-03	1.183046038011320221e-07
5.120000000000355170e-03	8.801169570452681357e-08
5.160000000000360479e-03	7.918710762171408087e-08
5.200000000000365788e-03	5.387124217538656678e-08
5.240000000000371097e-03	5.225306335147472832e-08
5.280000000000376406e-03	5.308229618095121857e-08
5.320000000000381715e-03	7.290277885211123049e-08
5.360000000000387024e-03	1.048560864806584978e-07
5.400000000000392333e-03	1.289811448523170051e-07
5.440000000000397642e-03	1.614031605294968695e-07
5.480000000000402952e-03	1.811244978797857301e-07
5.520000000000408261e-03	1.855258213071744624e-07
5.560000000000413570e-03	1.694547047508781535e-07
5.600000000000418879e-03	1.326808469257221948e-07
5.640000000000424188e-03	7.193793111228673061e-08
5.680000000000429497e-03	-5.620225046500733820e-09
5.720000000000434806e-03	-7.929928383068473006e-08
5.760000000000440115e-03	-1.420723121337075357e-07
5.800000000000445424e-03	-1.754744043028384819e-07
5.840000000000450733e-03	-2.012475807858279760e-07
5.880000000000456042e-03	-2.126533721231820870e-07
5.920000000000461352e-03	-2.197580587156280147e-07
5.960000000000466661e-03	-2.247037926287961639e-07
6.000000000000471970e-03	-2.200732202912630442e-07
6.040000000000477279e-03	-2.092825518223545839e-07
6.080000000000482588e-03	-1.964558666554220370e-07
6.120000000000487897e-03	-1.721864834445002947e-07
6.160000000000493206e-03	-1.563351239160216362e-07
6.200000000000498515e-03	-1.459232304473722728e-07
6.240000000000503824e-03	-1.320653960687748589e-07
6.280000000000509133e-03	-1.224488309249698836e-07
6.320000000000514442e-03	-1.021923973953446379e-07
6.360000000000519751e-03	-7.151432764793288596e-08
6.400000000000525061e-03	-3.601324873611263873e-08
6.440000000000530370e-03	7.139605206540418088e-10
6.480000000000535679e-03	3.877643787585012608e-08
6.520000000000540988e-03	7.457517529043089910e-08
6.560000000000546297e-03	1.066390121330321989e-07
6.600000000000551606e-03	1.287310204659368725e-07
6.640000000000556915e-03	1.544104412071510154e-07
6.680000000000562224e-03	1.447250228837802219e-07
6.720000000000567533e-03	1.231108216350492232e-07
6.760000000000572842e-03	8.600530449439415164e-08
6.800000000000578151e-03	4.356898975467347826e-08
6.840000000000583461e-03	8.089228698065650330e-09
6.880000000000588770e-03	-5.978154509326125847e-09
6.920000000000594079e-03	4.312709095762670751e-09
6.960000000000599388e-03	7.328509731078198696e-09
7.000000000000604697e-03	8.517709058222406541e-09
