0.000000000000000000e+00	-9.071214988894988975e-31
3.999999999999998294e-05	-3.400700001432660414e-08
7.999999999999987102e-05	-2.051206423908982876e-06
1.199999999999997591e-04	-6.346725502247087257e-06
1.599999999999996607e-04	-1.374429371413125762e-05
1.999999999999995488e-04	-2.279563902394080596e-05
2.399999999999994369e-04	-3.103235534004755133e-05
2.800000000000003007e-04	-3.565065181448952807e-05
3.200000000000012730e-04	-3.436236123414203265e-05
3.600000000000022453e-04	-2.750788535135532481e-05
4.000000000000032176e-04	-1.699380491872072094e-05
4.400000000000041898e-04	-6.208099417014071560e-06
4.800000000000051621e-04	2.143185357597981764e-06
5.200000000000061344e-04	6.889817899524389103e-06
5.600000000000071067e-04	8.281784254878521299e-06
6.000000000000080790e-04	7.727630232034105682e-06
6.400000000000090512e-04	6.506227367193696449e-06
6.800000000000100235e-04	6.160072070061970851e-06
7.200000000000109958e-04	5.808766831239773679e-06
7.600000000000119681e-04	6.168723776763643160e-06
8.000000000000129403e-04	6.595286257354898123e-06
8.400000000000139126e-04	7.256798207277940817e-06
8.800000000000148849e-04	7.961399649258977377e-06
9.200000000000158572e-04	8.432927998483867040e-06
9.600000000000168295e-04	8.752818516488784716e-06
1.000000000000015200e-03	8.725427625908213370e-06
1.040000000000011835e-03	8.634113823173916098e-06
1.080000000000008471e-03	8.429002737036612338e-06
1.120000000000005106e-03	8.102433121933090541e-06
1.160000000000001742e-03	7.813636591687317574e-06
1.199999999999998377e-03	7.545905391239827010e-06
1.239999999999995012e-03	7.323808801628951747e-06
1.279999999999991648e-03	7.153243386232647779e-06
1.319999999999988283e-03	7.128875823140036267e-06
1.359999999999984919e-03	7.090016028796181324e-06
1.399999999999981554e-03	6.987149833399653244e-06
1.439999999999978190e-03	6.759803319353817444e-06
1.479999999999974825e-03	6.364347502793653713e-06
1.519999999999971461e-03	5.859862148687886382e-06
1.559999999999968096e-03	5.264353500871127895e-06
1.599999999999964732e-03	4.529928143502799339e-06
1.639999999999961367e-03	3.778103818691681985e-06
1.679999999999958003e-03	2.969186327488892109e-06
1.719999999999954638e-03	2.259013807694193577e-06
1.759999999999951274e-03	1.632564063457004580e-06
1.799999999999947909e-03	1.218105772436030547e-06
1.839999999999944544e-03	9.921306010481668863e-07
1.879999999999941180e-03	8.586740031797507288e-07
1.919999999999937815e-03	7.970066325159840690e-07
1.959999999999935752e-03	7.004078799425307160e-07
1.999999999999941061e-03	6.113770082381974290e-07
2.039999999999946370e-03	5.175689638368702380e-07
2.079999999999951679e-03	4.322445414057407655e-07
2.119999999999956988e-03	4.411769973907621822e-07
2.159999999999962297e-03	3.629604901442272046e-07
2.199999999999967606e-03	3.845670368192013008e-07
2.239999999999972916e-03	2.772512045679374418e-07
2.279999999999978225e-03	1.170683013460222827e-07
2.319999999999983534e-03	-9.530341721417897133e-08
2.359999999999988843e-03	-3.998928122604913237e-07
2.399999999999994152e-03	-6.707908250061709145e-07
2.439999999999999461e-03	-9.050799339158134757e-07
2.480000000000004770e-03	-9.962698499238343725e-07
2.520000000000010079e-03	-1.030650465360316090e-06
2.560000000000015388e-03	-9.419236287338854241e-07
2.600000000000020697e-03	-8.104936018896555260e-07
2.640000000000026006e-03	-7.644920726161319616e-07
2.680000000000031316e-03	-7.599564175768577164e-07
2.720000000000036625e-03	-8.836109406699096537e-07
2.760000000000041934e-03	-1.031900600667270190e-06
2.800000000000047243e-03	-1.293477445983741109e-06
2.840000000000052552e-03	-1.609676950362489496e-06
2.880000000000057861e-03	-1.962784943232972377e-06
2.920000000000063170e-03	-2.312454209449789430e-06
2.960000000000068479e-03	-2.554142711180553821e-06
3.000000000000073788e-03	-2.688474532111476432e-06
3.040000000000079097e-03	-2.646000901839341824e-06
3.080000000000084406e-03	-2.418511836583226612e-06
3.120000000000089715e-03	-2.099595079730203622e-06
3.160000000000095025e-03	-1.720820186892106812e-06
3.200000000000100334e-03	-1.404747695869395655e-06
3.240000000000105643e-03	-1.157235106886991501e-06
3.280000000000110952e-03	-1.000345345672266793e-06
3.320000000000116261e-03	-9.435849200412421296e-07
3.360000000000121570e-03	-9.176336473086307347e-07
3.400000000000126879e-03	-9.475249743980891742e-07
3.440000000000132188e-03	-9.454513308705207931e-07
3.480000000000137497e-03	-9.419668168844469759e-07
3.520000000000142806e-03	-8.539425242899616978e-07
3.560000000000148115e-03	-7.268832441675352518e-07
3.600000000000153424e-03	-5.831200931353591633e-07
3.640000000000158734e-03	-4.317606012247702040e-07
3.680000000000164043e-03	-3.637211136201698808e-07
3.720000000000169352e-03	-3.285826029581614568e-07
3.760000000000174661e-03	-3.543166467596549030e-07
3.800000000000179970e-03	-3.560440130862285919e-07
3.840000000000185279e-03	-3.384153310159914389e-07
3.880000000000190588e-03	-3.060398418299217817e-07
3.920000000000195897e-03	-2.241896164204852945e-07
3.960000000000201206e-03	-1.799926729848612655e-07
4.000000000000206515e-03	-1.203221984820936068e-07
4.040000000000211824e-03	-6.402286465511059412e-08
4.080000000000217134e-03	5.737891686988716193e-09
4.120000000000222443e-03	1.231153079349850662e-07
4.160000000000227752e-03	2.415406943605958029e-07
4.200000000000233061e-03	3.956288727819437997e-07
4.240000000000238370e-03	5.371245023157000392e-07
4.280000000000243679e-03	6.979035913543278834e-07
4.320000000000248988e-03	8.689875106183857949e-07
4.360000000000254297e-03	1.042455528850039712e-06
4.400000000000259606e-03	1.225453511881423738e-06
4.440000000000264915e-03	1.377701111076061086e-06
4.480000000000270224e-03	1.513734590360229047e-06
4.520000000000275533e-03	1.601519379965821623e-06
4.560000000000280843e-03	1.639010252214778145e-06
4.600000000000286152e-03	1.639678991057178398e-06
4.640000000000291461e-03	1.576271897665010932e-06
4.680000000000296770e-03	1.473504759090663823e-06
4.720000000000302079e-03	1.321352286476014190e-06
4.760000000000307388e-03	1.119228362796756868e-06
4.800000000000312697e-03	9.225049588153548092e-07
4.840000000000318006e-03	7.272371861163951404e-07
4.880000000000323315e-03	5.654158837567806714e-07
4.920000000000328624e-03	4.374384978113665394e-07
4.960000000000333933e-03	3.446149063303690766e-07
5.000000000000339243e-03	2.773373493146669555e-07
5.040000000000344552e-03	2.486743552365502405e-07
5.080000000000349861e-03	2.145439839316218229e-07
5.120000000000355170e-03	1.770060172954882897e-07
5.160000000000360479e-03	1.414549407524550607e-07
5.200000000000365788e-03	9.272787182092241895e-08
5.240000000000371097e-03	3.844341277541040335e-08
5.280000000000376406e-03	-6.128145657369158969e-09
5.320000000000381715e-03	-4.919625085392310985e-08
5.360000000000387024e-03	-5.189503511791348828e-08
5.400000000000392333e-03	-9.293150900430666649e-08
5.440000000000397642e-03	-1.218341069711146366e-07
5.480000000000402952e-03	-2.001008464080164028e-07
5.520000000000408261e-03	-2.995521667917754571e-07
5.560000000000413570e-03	-3.982756468239721828e-07
5.600000000000418879e-03	-5.057901062768116299e-07
5.640000000000424188e-03	-5.805603131649786478e-07
5.680000000000429497e-03	-6.157128494829359513e-07
5.720000000000434806e-03	-6.002202320547556029e-07
5.760000000000440115e-03	-5.272094720398504230e-07
5.800000000000445424e-03	-4.206073301528385273e-07
5.840000000000450733e-03	-2.950863577309741314e-07
5.880000000000456042e-03	-1.856602835737596346e-07
5.920000000000461352e-03	-9.030168579391271102e-08
5.960000000000466661e-03	-6.996984216706959226e-08
6.000000000000471970e-03	-7.310927262881676291e-08
6.040000000000477279e-03	-1.343065806169517182e-07
6.080000000000482588e-03	-1.913941778686907922e-07
6.120000000000487897e-03	-2.507174264424877265e-07
6.160000000000493206e-03	-2.935305217716544191e-07
6.200000000000498515e-03	-3.046398428315701121e-07
6.240000000000503824e-03	-3.143093995625150075e-07
6.280000000000509133e-03	-2.956626315295187329e-07
6.320000000000514442e-03	-2.719283200956741921e-07
6.360000000000519751e-03	-2.288646900738268279e-07
6.400000000000525061e-03	-1.872569254139568728e-07
6.440000000000530370e-03	-1.450936559662583747e-07
6.480000000000535679e-03	-9.755026474448317270e-08
6.520000000000540988e-03	-7.776281955444558372e-08
6.560000000000546297e-03	-6.621878957908948755e-08
6.600000000000551606e-03	-7.239956656470817103e-08
6.640000000000556915e-03	-6.254231938879473783e-08
6.680000000000562224e-03	-5.962870832802949360e-08
6.720000000000567533e-03	-3.702688674085214749e-08
6.760000000000572842e-03	-2.099222333376562214e-08
6.800000000000578151e-03	-2.031174644300204829e-08
6.840000000000583461e-03	-2.130650253170343278e-08
6.880000000000588770e-03	-3.109706418209458483e-08
6.920000000000594079e-03	-3.024537932927864076e-08
6.960000000000599388e-03	-1.850906932897766326e-08
7.000000000000604697e-03	-8.872219729912447928e-09
