0.000000000000000000e+00	-2.583896354488127164e-30
3.999999999999998294e-05	-2.922512128875071351e-08
7.999999999999987102e-05	-2.059106580011957619e-06
1.199999999999997591e-04	-6.357734162333713370e-06
1.599999999999996607e-04	-1.373596780987494849e-05
1.999999999999995488e-04	-2.275546766115150833e-05
2.399999999999994369e-04	-3.091121931789094510e-05
2.800000000000003007e-04	-3.546723230395054189e-05
3.200000000000012730e-04	-3.413434309043513322e-05
3.600000000000022453e-04	-2.731526776701215459e-05
4.000000000000032176e-04	-1.689525874824598060e-05
4.400000000000041898e-04	-6.299840959722956432e-06
4.800000000000051621e-04	1.842768620061639699e-06
5.200000000000061344e-04	6.414710145954431248e-06
5.600000000000071067e-04	7.762563514976255033e-06
6.000000000000080790e-04	7.416910378805325298e-06
6.400000000000090512e-04	6.541317566183943300e-06
6.800000000000100235e-04	6.658459182421958170e-06
7.200000000000109958e-04	6.700557970329425151e-06
7.600000000000119681e-04	7.217353219619607515e-06
8.000000000000129403e-04	7.537862251392692773e-06
8.400000000000139126e-04	7.977730630964127858e-06
8.800000000000148849e-04	8.392756193736308106e-06
9.200000000000158572e-04	8.669768135188840610e-06
9.600000000000168295e-04	8.932554411593763893e-06
1.000000000000015200e-03	8.855842595887568997e-06
1.040000000000011835e-03	8.757630990753277188e-06
1.080000000000008471e-03	8.375092328947844044e-06
1.120000000000005106e-03	7.935316628367407990e-06
1.160000000000001742e-03	7.473476628123771022e-06
1.199999999999998377e-03	6.949344103777762702e-06
1.239999999999995012e-03	6.501368024767807594e-06
1.279999999999991648e-03	5.998268719570649010e-06
1.319999999999988283e-03	5.612540194022361622e-06
1.359999999999984919e-03	5.250754567860093164e-06
1.399999999999981554e-03	5.021840773845160501e-06
1.439999999999978190e-03	4.851302328522020064e-06
1.479999999999974825e-03	4.723467224191810054e-06
1.519999999999971461e-03	4.495446997392431525e-06
1.559999999999968096e-03	4.257985325067785250e-06
1.599999999999964732e-03	3.929022813486496391e-06
1.639999999999961367e-03	3.595017183878003078e-06
1.679999999999958003e-03	3.299176275661089012e-06
1.719999999999954638e-03	2.981866554987725331e-06
1.759999999999951274e-03	2.683449216145941473e-06
1.799999999999947909e-03	2.389640525702056801e-06
1.839999999999944544e-03	2.153634936105491714e-06
1.879999999999941180e-03	1.954311218574369553e-06
1.919999999999937815e-03	1.859647314724675706e-06
1.959999999999935752e-03	1.817515110617693835e-06
1.999999999999941061e-03	1.760710507879958634e-06
2.039999999999946370e-03	1.667597195780508693e-06
2.079999999999951679e-03	1.484155119909025435e-06
2.119999999999956988e-03	1.311285556676381812e-06
2.159999999999962297e-03	1.058377897295594672e-06
2.199999999999967606e-03	8.759697666888425296e-07
2.239999999999972916e-03	5.676168563909853529e-07
2.279999999999978225e-03	2.466283366893606538e-07
2.319999999999983534e-03	-1.413978811618389838e-07
2.359999999999988843e-03	-5.483316207576481419e-07
2.399999999999994152e-03	-8.343621711740137095e-07
2.439999999999999461e-03	-1.050168176301090872e-06
2.480000000000004770e-03	-1.073362653563834164e-06
2.520000000000010079e-03	-1.071657351686932949e-06
2.560000000000015388e-03	-1.073512125662314346e-06
2.600000000000020697e-03	-1.098167884731975267e-06
2.640000000000026006e-03	-1.184080276199821049e-06
2.680000000000031316e-03	-1.284525231375907386e-06
2.720000000000036625e-03	-1.372103323785044795e-06
2.760000000000041934e-03	-1.413058754556050192e-06
2.800000000000047243e-03	-1.397036070654009709e-06
2.840000000000052552e-03	-1.370229596174504694e-06
2.880000000000057861e-03	-1.339882417106446138e-06
2.920000000000063170e-03	-1.344731396380467486e-06
2.960000000000068479e-03	-1.355263749332113646e-06
3.000000000000073788e-03	-1.424587605603685167e-06
3.040000000000079097e-03	-1.493873270163994498e-06
3.080000000000084406e-03	-1.579066536074687552e-06
3.120000000000089715e-03	-1.623732032355950304e-06
3.160000000000095025e-03	-1.657210423152799238e-06
3.200000000000100334e-03	-1.657611215846813504e-06
3.240000000000105643e-03	-1.679023547857325786e-06
3.280000000000110952e-03	-1.732534782843838467e-06
3.320000000000116261e-03	-1.806789907556193942e-06
3.360000000000121570e-03	-1.879399628427142074e-06
3.400000000000126879e-03	-1.916307448634774212e-06
3.440000000000132188e-03	-1.872235751579380522e-06
3.480000000000137497e-03	-1.743708151267046570e-06
3.520000000000142806e-03	-1.556718247019597880e-06
3.560000000000148115e-03	-1.334080424562176186e-06
3.600000000000153424e-03	-1.090298233786153524e-06
3.640000000000158734e-03	-8.624672396989035704e-07
3.680000000000164043e-03	-6.462112928053079346e-07
3.720000000000169352e-03	-4.980496686014460174e-07
3.760000000000174661e-03	-3.593358288243149881e-07
3.800000000000179970e-03	-2.882967213173783991e-07
3.840000000000185279e-03	-2.238546753152627255e-07
3.880000000000190588e-03	-1.490350144534398004e-07
3.920000000000195897e-03	-5.482289581376729352e-08
3.960000000000201206e-03	7.035674933304156458e-08
4.000000000000206515e-03	2.001755062057855031e-07
4.040000000000211824e-03	3.267605592625908134e-07
4.080000000000217134e-03	4.382164244239574742e-07
4.120000000000222443e-03	5.724279231917524643e-07
4.160000000000227752e-03	7.180512435982569454e-07
4.200000000000233061e-03	8.853626081470240804e-07
4.240000000000238370e-03	1.025574592769474930e-06
4.280000000000243679e-03	1.126019957397066146e-06
4.320000000000248988e-03	1.160912703889726791e-06
4.360000000000254297e-03	1.144095913565806658e-06
4.400000000000259606e-03	1.090853952309978953e-06
4.440000000000264915e-03	1.051472067629191967e-06
4.480000000000270224e-03	1.030888006626221683e-06
4.520000000000275533e-03	1.009010892602334354e-06
4.560000000000280843e-03	9.621795320609191922e-07
4.600000000000286152e-03	8.666363343360487539e-07
4.640000000000291461e-03	7.170032416856783380e-07
4.680000000000296770e-03	5.635364545041111063e-07
4.720000000000302079e-03	4.316369654318577045e-07
4.760000000000307388e-03	3.393422351198838298e-07
4.800000000000312697e-03	2.794170163190261435e-07
4.840000000000318006e-03	2.561370928450884793e-07
4.880000000000323315e-03	2.382754670425921860e-07
4.920000000000328624e-03	2.395660915873601495e-07
4.960000000000333933e-03	2.605377201555254302e-07
5.000000000000339243e-03	3.062600886136495282e-07
5.040000000000344552e-03	3.669506821151619371e-07
5.080000000000349861e-03	4.223836162155976144e-07
5.120000000000355170e-03	4.837778351489535922e-07
5.160000000000360479e-03	5.067260248863100917e-07
5.200000000000365788e-03	5.231168169367182045e-07
5.240000000000371097e-03	5.346244892970974784e-07
5.280000000000376406e-03	5.478120201464308756e-07
5.320000000000381715e-03	5.540646197437807952e-07
5.360000000000387024e-03	5.236060066668900354e-07
5.400000000000392333e-03	4.663084205183451313e-07
5.440000000000397642e-03	3.464566617197646103e-07
5.480000000000402952e-03	2.198340712931308403e-07
5.520000000000408261e-03	9.463249102473165902e-08
5.560000000000413570e-03	-9.466707489221660331e-09
5.600000000000418879e-03	-6.825707304956536421e-08
5.640000000000424188e-03	-8.983529287638444926e-08
5.680000000000429497e-03	-8.172016229090740273e-08
5.720000000000434806e-03	-7.193500073995823052e-08
5.760000000000440115e-03	-4.935335223307712137e-08
5.800000000000445424e-03	-4.243946978840792523e-08
5.840000000000450733e-03	-4.933213331585280305e-08
5.880000000000456042e-03	-6.210926897186651555e-08
5.920000000000461352e-03	-1.006188253062578478e-07
5.960000000000466661e-03	-1.311560485151254712e-07
6.000000000000471970e-03	-1.941247208235132143e-07
6.040000000000477279e-03	-2.462175109524512376e-07
6.080000000000482588e-03	-2.787128403972896512e-07
6.120000000000487897e-03	-3.014910050900949518e-07
6.160000000000493206e-03	-3.103745053944986892e-07
6.200000000000498515e-03	-3.183517702646141022e-07
6.240000000000503824e-03	-3.176894702229888525e-07
6.280000000000509133e-03	-3.248264367693917035e-07
6.320000000000514442e-03	-3.438914901069599815e-07
6.360000000000519751e-03	-3.419997569639752492e-07
6.400000000000525061e-03	-3.377326632976555494e-07
6.440000000000530370e-03	-3.168470277518403111e-07
6.480000000000535679e-03	-3.194506316029235355e-07
6.520000000000540988e-03	-3.350105395107970017e-07
6.560000000000546297e-03	-3.500829544549692330e-07
6.600000000000551606e-03	-3.717015210401747577e-07
6.640000000000556915e-03	-3.488006233128527672e-07
6.680000000000562224e-03	-3.135889489811939529e-07
6.720000000000567533e-03	-2.648464633503490000e-07
6.760000000000572842e-03	-2.196562391667848753e-07
6.800000000000578151e-03	-2.054629828622615995e-07
6.840000000000583461e-03	-1.944896375773100455e-07
6.880000000000588770e-03	-2.057320736144447994e-07
6.920000000000594079e-03	-2.088041240058735859e-07
6.960000000000599388e-03	-2.166657826551512313e-07
7.000000000000604697e-03	-2.043390375491955590e-07
