0.000000000000000000e+00	-1.643334369376789901e-30
3.999999999999998294e-05	-2.400062088952976046e-08
7.999999999999987102e-05	-2.044161427683977196e-06
1.199999999999997591e-04	-6.323317520662036832e-06
1.599999999999996607e-04	-1.368191149737928179e-05
1.999999999999995488e-04	-2.269603975091305539e-05
2.399999999999994369e-04	-3.086378347265820239e-05
2.800000000000003007e-04	-3.542423394016303636e-05
3.200000000000012730e-04	-3.413250100847524393e-05
3.600000000000022453e-04	-2.735383831517295642e-05
4.000000000000032176e-04	-1.694724256884710110e-05
4.400000000000041898e-04	-6.361753902332034036e-06
4.800000000000051621e-04	1.776840127540905346e-06
5.200000000000061344e-04	6.306798716701264839e-06
5.600000000000071067e-04	7.462571515106823173e-06
6.000000000000080790e-04	6.845415189971673495e-06
6.400000000000090512e-04	5.646054775570084501e-06
6.800000000000100235e-04	5.519316992127938027e-06
7.200000000000109958e-04	5.506351370115243819e-06
7.600000000000119681e-04	6.180882712623406455e-06
8.000000000000129403e-04	6.847558795289290567e-06
8.400000000000139126e-04	7.641769519465123908e-06
8.800000000000148849e-04	8.323141959470493174e-06
9.200000000000158572e-04	8.708923584442421995e-06
9.600000000000168295e-04	9.011481300587618481e-06
1.000000000000015200e-03	8.991183734513857686e-06
1.040000000000011835e-03	8.978657324103418374e-06
1.080000000000008471e-03	8.770832428786749880e-06
1.120000000000005106e-03	8.460307031477375814e-06
1.160000000000001742e-03	8.177568685455883374e-06
1.199999999999998377e-03	7.725810796901157071e-06
1.239999999999995012e-03	7.477532227795924774e-06
1.279999999999991648e-03	7.245796738247018489e-06
1.319999999999988283e-03	7.139307880541090769e-06
1.359999999999984919e-03	7.011650674760475219e-06
1.399999999999981554e-03	6.790806282094325567e-06
1.439999999999978190e-03	6.471986457915760709e-06
1.479999999999974825e-03	6.029478768523561753e-06
1.519999999999971461e-03	5.542162177544298687e-06
1.559999999999968096e-03	4.979491763748868828e-06
1.599999999999964732e-03	4.377295601852290512e-06
1.639999999999961367e-03	3.751462412661442964e-06
1.679999999999958003e-03	3.129750986212160955e-06
1.719999999999954638e-03	2.550704824312169883e-06
1.759999999999951274e-03	2.016150944581634861e-06
1.799999999999947909e-03	1.727381787333803479e-06
1.839999999999944544e-03	1.519823243760561019e-06
1.879999999999941180e-03	1.451039590552072779e-06
1.919999999999937815e-03	1.424510840005930308e-06
1.959999999999935752e-03	1.421910865221656472e-06
1.999999999999941061e-03	1.421515532294830230e-06
2.039999999999946370e-03	1.433482261135397202e-06
2.079999999999951679e-03	1.391077658880440311e-06
2.119999999999956988e-03	1.245366586348439382e-06
2.159999999999962297e-03	8.581372927705861628e-07
2.199999999999967606e-03	2.998878853168204695e-07
2.239999999999972916e-03	-4.019842892589782037e-07
2.279999999999978225e-03	-1.053770982665984691e-06
2.319999999999983534e-03	-1.543857918470037402e-06
2.359999999999988843e-03	-1.758103769795911081e-06
2.399999999999994152e-03	-1.745560330872001944e-06
2.439999999999999461e-03	-1.585674677853772639e-06
2.480000000000004770e-03	-1.334048702538359015e-06
2.520000000000010079e-03	-1.119108117897559222e-06
2.560000000000015388e-03	-9.963543293865112238e-07
2.600000000000020697e-03	-8.773352175385539312e-07
2.640000000000026006e-03	-8.593955598762707940e-07
2.680000000000031316e-03	-8.812916520920862814e-07
2.720000000000036625e-03	-1.050004811144773059e-06
2.760000000000041934e-03	-1.253275810617493217e-06
2.800000000000047243e-03	-1.499835623173718589e-06
2.840000000000052552e-03	-1.769948572193603354e-06
2.880000000000057861e-03	-1.970587728583714739e-06
2.920000000000063170e-03	-2.113995755371473880e-06
2.960000000000068479e-03	-2.168025526177421521e-06
3.000000000000073788e-03	-2.138748320520361037e-06
3.040000000000079097e-03	-2.067688109744114716e-06
3.080000000000084406e-03	-1.932858348601224675e-06
3.120000000000089715e-03	-1.780585034489405549e-06
3.160000000000095025e-03	-1.594184834179184907e-06
3.200000000000100334e-03	-1.481089934376510812e-06
3.240000000000105643e-03	-1.397227626337675391e-06
3.280000000000110952e-03	-1.344857874935760394e-06
3.320000000000116261e-03	-1.326381871993737261e-06
3.360000000000121570e-03	-1.269191268431554332e-06
3.400000000000126879e-03	-1.218911146777500306e-06
3.440000000000132188e-03	-1.123934735807854554e-06
3.480000000000137497e-03	-1.034727457409142313e-06
3.520000000000142806e-03	-9.663893906237912968e-07
3.560000000000148115e-03	-9.013892289136395474e-07
3.600000000000153424e-03	-8.331744281959826824e-07
3.640000000000158734e-03	-7.303537338848168775e-07
3.680000000000164043e-03	-6.154797019963812972e-07
3.720000000000169352e-03	-5.078441596941353730e-07
3.760000000000174661e-03	-4.381874955587574073e-07
3.800000000000179970e-03	-3.933454456238048841e-07
3.840000000000185279e-03	-3.436814276435298465e-07
3.880000000000190588e-03	-2.850918590240327475e-07
3.920000000000195897e-03	-1.455653704593692200e-07
3.960000000000201206e-03	4.671103815176268079e-08
4.000000000000206515e-03	2.580309424621525225e-07
4.040000000000211824e-03	4.624746646923493413e-07
4.080000000000217134e-03	6.025337461657140213e-07
4.120000000000222443e-03	7.496553408402788001e-07
4.160000000000227752e-03	8.539807980989138713e-07
4.200000000000233061e-03	9.920831847484958934e-07
4.240000000000238370e-03	1.110433012693288307e-06
4.280000000000243679e-03	1.193771408818375229e-06
4.320000000000248988e-03	1.271025737854217548e-06
4.360000000000254297e-03	1.281390872368995347e-06
4.400000000000259606e-03	1.299977998971052826e-06
4.440000000000264915e-03	1.300382820985210081e-06
4.480000000000270224e-03	1.308352728012392604e-06
4.520000000000275533e-03	1.331380568323802799e-06
4.560000000000280843e-03	1.270400764071245171e-06
4.600000000000286152e-03	1.185753572300395656e-06
4.640000000000291461e-03	1.033221546245094416e-06
4.680000000000296770e-03	8.861767213586309195e-07
4.720000000000302079e-03	7.350561732008282362e-07
4.760000000000307388e-03	6.523590861499361801e-07
4.800000000000312697e-03	5.879797184701043819e-07
4.840000000000318006e-03	5.536040731631702420e-07
4.880000000000323315e-03	5.465376175990400774e-07
4.920000000000328624e-03	5.360990684012357453e-07
4.960000000000333933e-03	5.513209285180030196e-07
5.000000000000339243e-03	5.479483892612714012e-07
5.040000000000344552e-03	5.705524045133541866e-07
5.080000000000349861e-03	5.779056499513277541e-07
5.120000000000355170e-03	5.232277470708644578e-07
5.160000000000360479e-03	4.500987908287102930e-07
5.200000000000365788e-03	3.325769647822290795e-07
5.240000000000371097e-03	2.067777769392649175e-07
5.280000000000376406e-03	6.755024395830908241e-08
5.320000000000381715e-03	-4.708122055487279511e-08
5.360000000000387024e-03	-1.610889769621314499e-07
5.400000000000392333e-03	-2.466499149068314161e-07
5.440000000000397642e-03	-3.167263308599664846e-07
5.480000000000402952e-03	-3.716534129898267790e-07
5.520000000000408261e-03	-4.007179991860339504e-07
5.560000000000413570e-03	-4.059910304442737326e-07
5.600000000000418879e-03	-4.114958154155902684e-07
5.640000000000424188e-03	-4.164313885424233655e-07
5.680000000000429497e-03	-4.473195930341463505e-07
5.720000000000434806e-03	-4.586987911437864432e-07
5.760000000000440115e-03	-4.710894824041036353e-07
5.800000000000445424e-03	-4.810213476224147034e-07
5.840000000000450733e-03	-4.820403001096645849e-07
5.880000000000456042e-03	-4.727368864871492579e-07
5.920000000000461352e-03	-4.736373746260682578e-07
5.960000000000466661e-03	-4.742776856238186981e-07
6.000000000000471970e-03	-4.855277655599672077e-07
6.040000000000477279e-03	-4.982673148396802496e-07
6.080000000000482588e-03	-4.822128493954657464e-07
6.120000000000487897e-03	-4.682680530597555556e-07
6.160000000000493206e-03	-4.408459663593582920e-07
6.200000000000498515e-03	-3.859598623716957643e-07
6.240000000000503824e-03	-3.268043935492174225e-07
6.280000000000509133e-03	-2.461796424634167777e-07
6.320000000000514442e-03	-1.746951752616650638e-07
6.360000000000519751e-03	-1.132053462169154346e-07
6.400000000000525061e-03	-5.173170341449854156e-08
6.440000000000530370e-03	-2.916249941277185102e-08
6.480000000000535679e-03	-2.408152578642457439e-08
6.520000000000540988e-03	-3.628700688868053277e-08
6.560000000000546297e-03	-3.723568723750306162e-08
6.600000000000551606e-03	-4.800392524748250334e-08
6.640000000000556915e-03	-3.991756906674166868e-08
6.680000000000562224e-03	-1.937358288966646574e-08
6.720000000000567533e-03	8.832261943773704887e-09
6.760000000000572842e-03	4.476114473855653384e-08
6.800000000000578151e-03	5.803269353028316907e-08
6.840000000000583461e-03	1.023369515068186098e-07
6.880000000000588770e-03	1.267859679175867623e-07
6.920000000000594079e-03	1.399222793361046919e-07
6.960000000000599388e-03	1.492427512026787104e-07
7.000000000000604697e-03	1.653186193804916672e-07
