0.000000000000000000e+00	-1.880830703300867892e-30
3.999999999999998294e-05	-3.112528055573099022e-08
7.999999999999987102e-05	-2.045470899000519804e-06
1.199999999999997591e-04	-6.331531193676020632e-06
1.599999999999996607e-04	-1.366793144491218690e-05
1.999999999999995488e-04	-2.262181157081088266e-05
2.399999999999994369e-04	-3.069257597040174067e-05
2.800000000000003007e-04	-3.502868692448364834e-05
3.200000000000012730e-04	-3.340967236781748070e-05
3.600000000000022453e-04	-2.621240770447838891e-05
4.000000000000032176e-04	-1.542267566377138451e-05
4.400000000000041898e-04	-4.539412968628139869e-06
4.800000000000051621e-04	3.749684410588262535e-06
5.200000000000061344e-04	8.223832177208193159e-06
5.600000000000071067e-04	9.271045175686106764e-06
6.000000000000080790e-04	8.521575947276612968e-06
6.400000000000090512e-04	7.281994955406935302e-06
6.800000000000100235e-04	7.053151217722876596e-06
7.200000000000109958e-04	6.917178656873380859e-06
7.600000000000119681e-04	7.260893744419790778e-06
8.000000000000129403e-04	7.448814682107897861e-06
8.400000000000139126e-04	7.694451633393655144e-06
8.800000000000148849e-04	7.841833895795185912e-06
9.200000000000158572e-04	7.859778925518507201e-06
9.600000000000168295e-04	7.933601549766281224e-06
1.000000000000015200e-03	7.807422154865613137e-06
1.040000000000011835e-03	7.828246065028641985e-06
1.080000000000008471e-03	7.752353148884761881e-06
1.120000000000005106e-03	7.759542848369469412e-06
1.160000000000001742e-03	7.758903281940631667e-06
1.199999999999998377e-03	7.582767520560783643e-06
1.239999999999995012e-03	7.282664480550335587e-06
1.279999999999991648e-03	6.714642153910213949e-06
1.319999999999988283e-03	6.030319499122813211e-06
1.359999999999984919e-03	5.394339653075478173e-06
1.399999999999981554e-03	4.938551848544303644e-06
1.439999999999978190e-03	4.753829891284619402e-06
1.479999999999974825e-03	4.682951804114248619e-06
1.519999999999971461e-03	4.576220345172142419e-06
1.559999999999968096e-03	4.283439881413499963e-06
1.599999999999964732e-03	3.865496788513051542e-06
1.639999999999961367e-03	3.281243028031397226e-06
1.679999999999958003e-03	2.710830660256314070e-06
1.719999999999954638e-03	2.097170554698161113e-06
1.759999999999951274e-03	1.527675542938940688e-06
1.799999999999947909e-03	9.173932823770874001e-07
1.839999999999944544e-03	4.097942529790714979e-07
1.879999999999941180e-03	-1.076556366713783659e-08
1.919999999999937815e-03	-2.056732935243884582e-07
1.959999999999935752e-03	-2.020986121887014283e-07
1.999999999999941061e-03	-9.221582590746016901e-08
2.039999999999946370e-03	-2.676385630618507709e-08
2.079999999999951679e-03	-1.113701585233676835e-07
2.119999999999956988e-03	-2.727292269539313961e-07
2.159999999999962297e-03	-5.113502172479002088e-07
2.199999999999967606e-03	-7.095274874087954821e-07
2.239999999999972916e-03	-8.675665471413808634e-07
2.279999999999978225e-03	-9.592615075857644589e-07
2.319999999999983534e-03	-1.058054274066725464e-06
2.359999999999988843e-03	-1.147277922293689159e-06
2.399999999999994152e-03	-1.178481783983251844e-06
2.439999999999999461e-03	-1.141814597942295703e-06
2.480000000000004770e-03	-9.428683077554493343e-07
2.520000000000010079e-03	-6.520605793815673915e-07
2.560000000000015388e-03	-3.879117061122274503e-07
2.600000000000020697e-03	-1.528102984662862895e-07
2.640000000000026006e-03	-8.520842142189564591e-08
2.680000000000031316e-03	-1.417427726060542915e-07
2.720000000000036625e-03	-2.854043763956648590e-07
2.760000000000041934e-03	-4.701019905859072214e-07
2.800000000000047243e-03	-6.355612984047589339e-07
2.840000000000052552e-03	-8.220646821915106892e-07
2.880000000000057861e-03	-9.831028751069575057e-07
2.920000000000063170e-03	-1.141724904442959834e-06
2.960000000000068479e-03	-1.214958014100542351e-06
3.000000000000073788e-03	-1.190340676770151599e-06
3.040000000000079097e-03	-1.090068713017635924e-06
3.080000000000084406e-03	-8.954749629345756661e-07
3.120000000000089715e-03	-7.177187979928791309e-07
3.160000000000095025e-03	-5.557208936715099454e-07
3.200000000000100334e-03	-4.747433438836430661e-07
3.240000000000105643e-03	-4.664853328631664346e-07
3.280000000000110952e-03	-4.700010526328045021e-07
3.320000000000116261e-03	-5.214592742167127168e-07
3.360000000000121570e-03	-5.541087995027858015e-07
3.400000000000126879e-03	-6.135169202791488149e-07
3.440000000000132188e-03	-6.874987904859257951e-07
3.480000000000137497e-03	-7.452191371153187099e-07
3.520000000000142806e-03	-8.030225738311832830e-07
3.560000000000148115e-03	-7.886731668262087786e-07
3.600000000000153424e-03	-7.222507762978119218e-07
3.640000000000158734e-03	-5.772682674805489427e-07
3.680000000000164043e-03	-4.073839225465947269e-07
3.720000000000169352e-03	-2.836585224697621686e-07
3.760000000000174661e-03	-2.389592268818272228e-07
3.800000000000179970e-03	-2.817183066477976228e-07
3.840000000000185279e-03	-3.627910124160534249e-07
3.880000000000190588e-03	-4.187477360304406242e-07
3.920000000000195897e-03	-3.919540738382250392e-07
3.960000000000201206e-03	-2.946960142100629054e-07
4.000000000000206515e-03	-1.713508500626413906e-07
4.040000000000211824e-03	-4.501265720913113168e-08
4.080000000000217134e-03	2.001809148586546728e-08
4.120000000000222443e-03	9.386338149577999483e-08
4.160000000000227752e-03	1.798871926160616305e-07
4.200000000000233061e-03	3.357003574346618850e-07
4.240000000000238370e-03	5.104387325897853515e-07
4.280000000000243679e-03	6.553153936613878212e-07
4.320000000000248988e-03	7.191683000741516211e-07
4.360000000000254297e-03	6.671518125189575491e-07
4.400000000000259606e-03	5.421051070430852445e-07
4.440000000000264915e-03	4.100230429284740915e-07
4.480000000000270224e-03	3.043120775286506466e-07
4.520000000000275533e-03	2.633082270739366794e-07
4.560000000000280843e-03	2.486966617160439685e-07
4.600000000000286152e-03	2.292896759516057517e-07
4.640000000000291461e-03	2.124593258760969219e-07
4.680000000000296770e-03	1.950891393892997394e-07
4.720000000000302079e-03	2.350471722468618387e-07
4.760000000000307388e-03	2.924668354163521942e-07
4.800000000000312697e-03	3.888676620073483846e-07
4.840000000000318006e-03	4.861073435507645921e-07
4.880000000000323315e-03	5.547507814350608332e-07
4.920000000000328624e-03	6.003673506904633978e-07
4.960000000000333933e-03	6.024556671846424503e-07
5.000000000000339243e-03	6.458380081061798599e-07
5.040000000000344552e-03	7.041831623066205058e-07
5.080000000000349861e-03	7.461735803452951319e-07
5.120000000000355170e-03	7.444181011809001234e-07
5.160000000000360479e-03	6.781684064044120478e-07
5.200000000000365788e-03	5.848144480801619230e-07
5.240000000000371097e-03	4.527915780301539760e-07
5.280000000000376406e-03	3.462438908885590399e-07
5.320000000000381715e-03	2.749469680513370489e-07
5.360000000000387024e-03	2.297448088190909601e-07
5.400000000000392333e-03	2.038698837372405210e-07
5.440000000000397642e-03	1.336061269214182615e-07
5.480000000000402952e-03	6.113100362698899865e-08
5.520000000000408261e-03	-3.260244389914031840e-08
5.560000000000413570e-03	-9.728710575794924807e-08
5.600000000000418879e-03	-1.522498543815905429e-07
5.640000000000424188e-03	-1.952552892298231201e-07
5.680000000000429497e-03	-2.188332907535763657e-07
5.720000000000434806e-03	-2.342600160059696630e-07
5.760000000000440115e-03	-2.316107841399077993e-07
5.800000000000445424e-03	-2.393502303391269746e-07
5.840000000000450733e-03	-2.212999810104051515e-07
5.880000000000456042e-03	-2.099102034833887594e-07
5.920000000000461352e-03	-2.109273790632246751e-07
5.960000000000466661e-03	-2.237567454733223132e-07
6.000000000000471970e-03	-2.715756634802744486e-07
6.040000000000477279e-03	-3.022986385651403126e-07
6.080000000000482588e-03	-3.016290982925739071e-07
6.120000000000487897e-03	-2.774358221809823135e-07
6.160000000000493206e-03	-2.220804213818677636e-07
6.200000000000498515e-03	-1.617162463108676654e-07
6.240000000000503824e-03	-9.883777279203329289e-08
6.280000000000509133e-03	-5.662613370739117465e-08
6.320000000000514442e-03	-3.952784104217531951e-08
6.360000000000519751e-03	-3.215813609692782593e-08
6.400000000000525061e-03	-2.150371187423046618e-08
6.440000000000530370e-03	-2.193700644384707267e-08
6.480000000000535679e-03	-1.760584295754417275e-08
6.520000000000540988e-03	-2.326240890804056259e-08
6.560000000000546297e-03	-3.723016716435521598e-08
6.600000000000551606e-03	-5.066299478078647382e-08
6.640000000000556915e-03	-4.938662603077484178e-08
6.680000000000562224e-03	-5.558891562872529126e-08
6.720000000000567533e-03	-4.226094475552265660e-08
6.760000000000572842e-03	-2.192491574249345661e-08
6.800000000000578151e-03	-1.292732160607713598e-08
6.840000000000583461e-03	-6.406106971910897503e-09
6.880000000000588770e-03	-2.190985567010203419e-08
6.920000000000594079e-03	-3.030919130758954761e-08
6.960000000000599388e-03	-5.052876449460440813e-08
7.000000000000604697e-03	-7.385310351760945552e-08
