0.000000000000000000e+00	-1.065890449171251562e-30
3.999999999999998294e-05	-2.704484589921510865e-08
7.999999999999987102e-05	-2.039824661285768936e-06
1.199999999999997591e-04	-6.311122675565750039e-06
1.599999999999996607e-04	-1.364559194437544127e-05
1.999999999999995488e-04	-2.259443396925713709e-05
2.399999999999994369e-04	-3.065670957930224341e-05
2.800000000000003007e-04	-3.498247287500416659e-05
3.200000000000012730e-04	-3.336025268845007864e-05
3.600000000000022453e-04	-2.617120096279538949e-05
4.000000000000032176e-04	-1.538772177952643986e-05
4.400000000000041898e-04	-4.576927867497235168e-06
4.800000000000051621e-04	3.554434668916228112e-06
5.200000000000061344e-04	7.835592397503268272e-06
5.600000000000071067e-04	8.730682267345983580e-06
6.000000000000080790e-04	7.941631434067226262e-06
6.400000000000090512e-04	6.926481317428148448e-06
6.800000000000100235e-04	7.221817793116354903e-06
7.200000000000109958e-04	7.795742258175852871e-06
7.600000000000119681e-04	8.826484176901671115e-06
8.000000000000129403e-04	9.479127843590362380e-06
8.400000000000139126e-04	9.752468318551287864e-06
8.800000000000148849e-04	9.559754857579673323e-06
9.200000000000158572e-04	9.053423203399778375e-06
9.600000000000168295e-04	8.562953180572242752e-06
1.000000000000015200e-03	8.084346369485394563e-06
1.040000000000011835e-03	7.884367917953304916e-06
1.080000000000008471e-03	7.798657380931959388e-06
1.120000000000005106e-03	7.787640599029424423e-06
1.160000000000001742e-03	7.840742840239599921e-06
1.199999999999998377e-03	7.865177760563825255e-06
1.239999999999995012e-03	7.835679844026379511e-06
1.279999999999991648e-03	7.605273100649005210e-06
1.319999999999988283e-03	7.152896948250428778e-06
1.359999999999984919e-03	6.426693278506395462e-06
1.399999999999981554e-03	5.576768974195025119e-06
1.439999999999978190e-03	4.693365341682009951e-06
1.479999999999974825e-03	3.858831151479130365e-06
1.519999999999971461e-03	3.181415866766344908e-06
1.559999999999968096e-03	2.690142739105390390e-06
1.599999999999964732e-03	2.331008703437838656e-06
1.639999999999961367e-03	2.045260463177663437e-06
1.679999999999958003e-03	1.794245893988507613e-06
1.719999999999954638e-03	1.552328994594694508e-06
1.759999999999951274e-03	1.158961323171327691e-06
1.799999999999947909e-03	6.488419295119929706e-07
1.839999999999944544e-03	3.158533862020266224e-08
1.879999999999941180e-03	-6.291402817866411337e-07
1.919999999999937815e-03	-1.202241991671433773e-06
1.959999999999935752e-03	-1.596020807928972621e-06
1.999999999999941061e-03	-1.780436099083859555e-06
2.039999999999946370e-03	-1.797528599888996895e-06
2.079999999999951679e-03	-1.703804505569062178e-06
2.119999999999956988e-03	-1.588743663749009448e-06
2.159999999999962297e-03	-1.459984324784610950e-06
2.199999999999967606e-03	-1.317150776224942749e-06
2.239999999999972916e-03	-1.134655052246927172e-06
2.279999999999978225e-03	-9.343526626387727650e-07
2.319999999999983534e-03	-7.456385052306568406e-07
2.359999999999988843e-03	-6.262241518533874694e-07
2.399999999999994152e-03	-6.213800359946167824e-07
2.439999999999999461e-03	-7.114852624941581666e-07
2.480000000000004770e-03	-9.023951471167027226e-07
2.520000000000010079e-03	-1.057917089858185527e-06
2.560000000000015388e-03	-1.202099813497068534e-06
2.600000000000020697e-03	-1.228355168633676959e-06
2.640000000000026006e-03	-1.169522257710115936e-06
2.680000000000031316e-03	-1.067100790434730369e-06
2.720000000000036625e-03	-8.527484648945407450e-07
2.760000000000041934e-03	-6.977574191154263745e-07
2.800000000000047243e-03	-5.256961306262923954e-07
2.840000000000052552e-03	-3.904517753095353120e-07
2.880000000000057861e-03	-2.700107822657554737e-07
2.920000000000063170e-03	-1.532506648770479558e-07
2.960000000000068479e-03	-9.514220209112652829e-08
3.000000000000073788e-03	-4.609056519687734616e-08
3.040000000000079097e-03	-5.850799551773379323e-08
3.080000000000084406e-03	-7.737064814514753149e-08
3.120000000000089715e-03	-1.245208987212641794e-07
3.160000000000095025e-03	-1.117324803450042933e-07
3.200000000000100334e-03	-8.117201085586427529e-08
3.240000000000105643e-03	-2.195549951661847786e-08
3.280000000000110952e-03	4.047666557093893322e-08
3.320000000000116261e-03	1.619749443035343707e-09
3.360000000000121570e-03	-5.239709330651778708e-08
3.400000000000126879e-03	-1.872080276750995360e-07
3.440000000000132188e-03	-2.947573201151221997e-07
3.480000000000137497e-03	-3.566771067180694536e-07
3.520000000000142806e-03	-3.951653046627987510e-07
3.560000000000148115e-03	-3.898390718070982758e-07
3.600000000000153424e-03	-4.027375510680387440e-07
3.640000000000158734e-03	-4.260055642743056806e-07
3.680000000000164043e-03	-4.432684459890559099e-07
3.720000000000169352e-03	-4.679773540956348067e-07
3.760000000000174661e-03	-4.457804681133824695e-07
3.800000000000179970e-03	-4.030721663388466808e-07
3.840000000000185279e-03	-3.295380845045071794e-07
3.880000000000190588e-03	-2.619487733685101365e-07
3.920000000000195897e-03	-2.030343758142809631e-07
3.960000000000201206e-03	-1.136759010177059960e-07
4.000000000000206515e-03	-3.949368464951140993e-08
4.040000000000211824e-03	4.809616682037748478e-08
4.080000000000217134e-03	1.327345200859062763e-07
4.120000000000222443e-03	2.124726603720213276e-07
4.160000000000227752e-03	2.930274609297898877e-07
4.200000000000233061e-03	3.552105108687632726e-07
4.240000000000238370e-03	4.436841070086046193e-07
4.280000000000243679e-03	4.982664801440378639e-07
4.320000000000248988e-03	6.202697095265776571e-07
4.360000000000254297e-03	7.140678090121553272e-07
4.400000000000259606e-03	8.235384528088981185e-07
4.440000000000264915e-03	9.217697471249290582e-07
4.480000000000270224e-03	9.483072383011955846e-07
4.520000000000275533e-03	9.510760529325753762e-07
4.560000000000280843e-03	8.341058748008270990e-07
4.600000000000286152e-03	6.820069797015379956e-07
4.640000000000291461e-03	4.848098037260769450e-07
4.680000000000296770e-03	2.681135887752796503e-07
4.720000000000302079e-03	8.333544822567523494e-08
4.760000000000307388e-03	-7.929875234859396223e-08
4.800000000000312697e-03	-1.694959675621461844e-07
4.840000000000318006e-03	-2.300200302946176672e-07
4.880000000000323315e-03	-2.547862037427180980e-07
4.920000000000328624e-03	-2.440288230484770860e-07
4.960000000000333933e-03	-1.954144823278050396e-07
5.000000000000339243e-03	-1.242219390559237383e-07
5.040000000000344552e-03	-4.666654537098318001e-08
5.080000000000349861e-03	2.424774243323507187e-08
5.120000000000355170e-03	6.419351299679676548e-08
5.160000000000360479e-03	7.241029682177569493e-08
5.200000000000365788e-03	7.770445075258342345e-08
5.240000000000371097e-03	8.016899400961073971e-08
5.280000000000376406e-03	1.232427021433363098e-07
5.320000000000381715e-03	1.711140202560942963e-07
5.360000000000387024e-03	2.298705882920354355e-07
5.400000000000392333e-03	2.511708229080699917e-07
5.440000000000397642e-03	2.361183435406223758e-07
5.480000000000402952e-03	2.122859434717349401e-07
5.520000000000408261e-03	1.557308038584212325e-07
5.560000000000413570e-03	1.132541536237635479e-07
5.600000000000418879e-03	6.789675691829411109e-08
5.640000000000424188e-03	3.608870870189252324e-10
5.680000000000429497e-03	-7.704981827420730914e-08
5.720000000000434806e-03	-1.681432441453136478e-07
5.760000000000440115e-03	-2.361809070359738028e-07
5.800000000000445424e-03	-2.978806045802172365e-07
5.840000000000450733e-03	-3.242384061672050831e-07
5.880000000000456042e-03	-3.031837255253946901e-07
5.920000000000461352e-03	-2.818617326855105870e-07
5.960000000000466661e-03	-2.474848180239303720e-07
6.000000000000471970e-03	-2.158478591047035223e-07
6.040000000000477279e-03	-1.864560573301201927e-07
6.080000000000482588e-03	-1.528612196631019217e-07
6.120000000000487897e-03	-1.171886361400226404e-07
6.160000000000493206e-03	-7.720709253068096516e-08
6.200000000000498515e-03	-5.937568053851944614e-08
6.240000000000503824e-03	-4.518093188185004520e-08
6.280000000000509133e-03	-3.992838749396755844e-08
6.320000000000514442e-03	-3.932884519128132901e-08
6.360000000000519751e-03	-2.426154908457318018e-08
6.400000000000525061e-03	2.839257993397204633e-09
6.440000000000530370e-03	3.835869436656108619e-08
6.480000000000535679e-03	6.429956626994573490e-08
6.520000000000540988e-03	6.483585819712392956e-08
6.560000000000546297e-03	6.258447261131763226e-08
6.600000000000551606e-03	3.877030268865053072e-08
6.640000000000556915e-03	3.888907095830022174e-08
6.680000000000562224e-03	3.987163466090745316e-08
6.720000000000567533e-03	5.139982195446133809e-08
6.760000000000572842e-03	6.829714720812975604e-08
6.800000000000578151e-03	7.873188808312820772e-08
6.840000000000583461e-03	7.460844207500434799e-08
6.880000000000588770e-03	7.171308661504847284e-08
6.920000000000594079e-03	8.433874950151620510e-08
6.960000000000599388e-03	9.431368031916328234e-08
7.000000000000604697e-03	1.042159448409262304e-07
