0.000000000000000000e+00	-8.797485071603078469e-31
3.999999999999998294e-05	-3.386737309115481173e-08
7.999999999999987102e-05	-2.055072809650447999e-06
1.199999999999997591e-04	-6.346971291173405121e-06
1.599999999999996607e-04	-1.367781279954418488e-05
1.999999999999995488e-04	-2.263862358105141179e-05
2.399999999999994369e-04	-3.069634075593589100e-05
2.800000000000003007e-04	-3.503474830559404746e-05
3.200000000000012730e-04	-3.341000576640101529e-05
3.600000000000022453e-04	-2.637509691829364276e-05
4.000000000000032176e-04	-1.597985781955974698e-05
4.400000000000041898e-04	-5.644628789511945293e-06
4.800000000000051621e-04	2.013843143814284964e-06
5.200000000000061344e-04	6.188029746290556860e-06
5.600000000000071067e-04	7.483711540045769383e-06
6.000000000000080790e-04	7.430458827469059833e-06
6.400000000000090512e-04	7.310382561494113365e-06
6.800000000000100235e-04	8.285421929716772557e-06
7.200000000000109958e-04	9.114177834972728165e-06
7.600000000000119681e-04	1.014247446440791793e-05
8.000000000000129403e-04	1.059939536815475952e-05
8.400000000000139126e-04	1.088568141793573048e-05
8.800000000000148849e-04	1.092507956743874434e-05
9.200000000000158572e-04	1.065848185211358407e-05
9.600000000000168295e-04	1.049306247869502951e-05
1.000000000000015200e-03	1.018085744816136319e-05
1.040000000000011835e-03	1.008480674304291407e-05
1.080000000000008471e-03	1.012940382821150907e-05
1.120000000000005106e-03	1.017998494550443254e-05
1.160000000000001742e-03	1.016279265408080203e-05
1.199999999999998377e-03	9.784861079710682733e-06
1.239999999999995012e-03	8.910065775544720619e-06
1.279999999999991648e-03	7.666825167938326517e-06
1.319999999999988283e-03	6.249067624975254568e-06
1.359999999999984919e-03	4.797495406723781901e-06
1.399999999999981554e-03	3.589581575390948568e-06
1.439999999999978190e-03	2.597105969410617044e-06
1.479999999999974825e-03	1.808144390199876250e-06
1.519999999999971461e-03	1.264738811415157750e-06
1.559999999999968096e-03	8.119002627870929867e-07
1.599999999999964732e-03	4.800895466399000931e-07
1.639999999999961367e-03	2.745179681316255715e-07
1.679999999999958003e-03	1.263011975037333661e-07
1.719999999999954638e-03	-3.795426806174402628e-08
1.759999999999951274e-03	-2.939061168617286070e-07
1.799999999999947909e-03	-6.150323522531916782e-07
1.839999999999944544e-03	-9.545552426456671607e-07
1.879999999999941180e-03	-1.190402206047620431e-06
1.919999999999937815e-03	-1.253393374974455964e-06
1.959999999999935752e-03	-1.198967419506442643e-06
1.999999999999941061e-03	-1.106084959941925259e-06
2.039999999999946370e-03	-1.104389421158255846e-06
2.079999999999951679e-03	-1.195575923057130093e-06
2.119999999999956988e-03	-1.303186251824854519e-06
2.159999999999962297e-03	-1.410870826980620802e-06
2.199999999999967606e-03	-1.325682058165298477e-06
2.239999999999972916e-03	-1.167744635569175732e-06
2.279999999999978225e-03	-9.767834797946452395e-07
2.319999999999983534e-03	-8.365317276391243213e-07
2.359999999999988843e-03	-8.452689915921044493e-07
2.399999999999994152e-03	-9.079833958355989970e-07
2.439999999999999461e-03	-9.945081982762659938e-07
2.480000000000004770e-03	-1.002830530602603966e-06
2.520000000000010079e-03	-9.340836365737585371e-07
2.560000000000015388e-03	-8.441134812697943741e-07
2.600000000000020697e-03	-7.566227403215005614e-07
2.640000000000026006e-03	-7.418624798444162439e-07
2.680000000000031316e-03	-7.354889054037869341e-07
2.720000000000036625e-03	-7.181947511432599297e-07
2.760000000000041934e-03	-5.813622919726051167e-07
2.800000000000047243e-03	-4.200036972168496653e-07
2.840000000000052552e-03	-2.178524500560353872e-07
2.880000000000057861e-03	-4.994387537187160786e-08
2.920000000000063170e-03	1.640053267081507020e-08
2.960000000000068479e-03	3.621247129376925869e-08
3.000000000000073788e-03	-2.511445391010997667e-08
3.040000000000079097e-03	-1.159529296483161458e-07
3.080000000000084406e-03	-1.733364726705711055e-07
3.120000000000089715e-03	-2.496150860069334376e-07
3.160000000000095025e-03	-2.994713764821497712e-07
3.200000000000100334e-03	-3.544790413143886634e-07
3.240000000000105643e-03	-3.701385612202685081e-07
3.280000000000110952e-03	-3.579164879242734913e-07
3.320000000000116261e-03	-3.287148042028121853e-07
3.360000000000121570e-03	-2.793993094399254691e-07
3.400000000000126879e-03	-2.636931521453093488e-07
3.440000000000132188e-03	-3.019418501036617482e-07
3.480000000000137497e-03	-4.047321842901200405e-07
3.520000000000142806e-03	-5.415791936695351224e-07
3.560000000000148115e-03	-6.393936185175183953e-07
3.600000000000153424e-03	-6.756335574276803895e-07
3.640000000000158734e-03	-6.141381072028772363e-07
3.680000000000164043e-03	-5.159360283073878768e-07
3.720000000000169352e-03	-4.251104642524301801e-07
3.760000000000174661e-03	-3.173336138872413633e-07
3.800000000000179970e-03	-2.151102467426283983e-07
3.840000000000185279e-03	-9.681221083120979051e-08
3.880000000000190588e-03	8.375523359475598552e-08
3.920000000000195897e-03	3.310749578184257804e-07
3.960000000000201206e-03	5.641517732991384785e-07
4.000000000000206515e-03	7.557036907623668845e-07
4.040000000000211824e-03	8.892528485421011457e-07
4.080000000000217134e-03	9.405522588492025956e-07
4.120000000000222443e-03	9.871549742082271542e-07
4.160000000000227752e-03	1.022658830922648761e-06
4.200000000000233061e-03	1.088213156215203214e-06
4.240000000000238370e-03	1.156351908208080725e-06
4.280000000000243679e-03	1.210223146945759055e-06
4.320000000000248988e-03	1.261657179032126392e-06
4.360000000000254297e-03	1.237904470410814106e-06
4.400000000000259606e-03	1.196642644941740557e-06
4.440000000000264915e-03	1.133638732970341183e-06
4.480000000000270224e-03	1.008699544245906171e-06
4.520000000000275533e-03	8.238282645313831433e-07
4.560000000000280843e-03	5.789005680121588648e-07
4.600000000000286152e-03	3.082304871256607996e-07
4.640000000000291461e-03	3.081976597875277960e-08
4.680000000000296770e-03	-1.915717084917733690e-07
4.720000000000302079e-03	-3.225392206843154344e-07
4.760000000000307388e-03	-3.821837756084075473e-07
4.800000000000312697e-03	-3.747015822249621122e-07
4.840000000000318006e-03	-3.524116286419583231e-07
4.880000000000323315e-03	-3.318874174631073129e-07
4.920000000000328624e-03	-3.219548742127754634e-07
4.960000000000333933e-03	-3.007869961176044275e-07
5.000000000000339243e-03	-2.954489788049316118e-07
5.040000000000344552e-03	-2.866238754989961977e-07
5.080000000000349861e-03	-2.898571731827414738e-07
5.120000000000355170e-03	-3.009281431591958412e-07
5.160000000000360479e-03	-3.325590138322902605e-07
5.200000000000365788e-03	-3.868163662224197001e-07
5.240000000000371097e-03	-4.167070663727460350e-07
5.280000000000376406e-03	-4.443027554407844210e-07
5.320000000000381715e-03	-4.494742988064048409e-07
5.360000000000387024e-03	-4.167681129183590236e-07
5.400000000000392333e-03	-3.857330546743265965e-07
5.440000000000397642e-03	-3.228602887125816669e-07
5.480000000000402952e-03	-2.598928586718386587e-07
5.520000000000408261e-03	-2.040112684417378784e-07
5.560000000000413570e-03	-1.563597840777975038e-07
5.600000000000418879e-03	-1.175572672141119304e-07
5.640000000000424188e-03	-1.264320210421757559e-07
5.680000000000429497e-03	-1.374206132534043546e-07
5.720000000000434806e-03	-1.560393504850345816e-07
5.760000000000440115e-03	-1.707601503042430015e-07
5.800000000000445424e-03	-1.758502939713722029e-07
5.840000000000450733e-03	-1.799198700293631555e-07
5.880000000000456042e-03	-1.549152153702412712e-07
5.920000000000461352e-03	-1.415877405038867649e-07
5.960000000000466661e-03	-1.251742406038452123e-07
6.000000000000471970e-03	-9.301438878168049696e-08
6.040000000000477279e-03	-3.626293112702736029e-08
6.080000000000482588e-03	2.776016106140817819e-08
6.120000000000487897e-03	1.124176216337257084e-07
6.160000000000493206e-03	1.984324127963766170e-07
6.200000000000498515e-03	2.509473986326903516e-07
6.240000000000503824e-03	2.856992322553100677e-07
6.280000000000509133e-03	2.924344697978171473e-07
6.320000000000514442e-03	2.606997679382889421e-07
6.360000000000519751e-03	2.405810441641988485e-07
6.400000000000525061e-03	2.130450534977100680e-07
6.440000000000530370e-03	2.018686308642747269e-07
6.480000000000535679e-03	1.918646467893548384e-07
6.520000000000540988e-03	1.639046014422326653e-07
6.560000000000546297e-03	1.489177132942070756e-07
6.600000000000551606e-03	1.343660243367706727e-07
6.640000000000556915e-03	1.267071760057050589e-07
6.680000000000562224e-03	1.315124508060870416e-07
6.720000000000567533e-03	1.454463948033623281e-07
6.760000000000572842e-03	1.469810580042453917e-07
6.800000000000578151e-03	1.531823068821455332e-07
6.840000000000583461e-03	1.488085589848313416e-07
6.880000000000588770e-03	1.404411057276940423e-07
6.920000000000594079e-03	1.272559223885779723e-07
6.960000000000599388e-03	1.041867345699614224e-07
7.000000000000604697e-03	7.462781677263324506e-08
