0.000000000000000000e+00	3.451240268312962145e-31
3.999999999999998294e-05	-3.564180866778780622e-08
7.999999999999987102e-05	-2.232445675182965671e-06
1.199999999999997591e-04	-7.837031907526162793e-06
1.599999999999996607e-04	-1.843243507691638090e-05
1.999999999999995488e-04	-3.309871385642721786e-05
2.399999999999994369e-04	-4.842645449900757567e-05
2.800000000000003007e-04	-5.947177048070749445e-05
3.200000000000012730e-04	-6.110957741655303501e-05
3.600000000000022453e-04	-5.173256849166076802e-05
4.000000000000032176e-04	-3.309666513145107902e-05
4.400000000000041898e-04	-1.049890132971915853e-05
4.800000000000051621e-04	1.005656024276261762e-05
5.200000000000061344e-04	2.434068646474701252e-05
5.600000000000071067e-04	3.124591880890032462e-05
6.000000000000080790e-04	3.232417032509201347e-05
6.400000000000090512e-04	3.035701801721610741e-05
6.800000000000100235e-04	2.811363896433560457e-05
7.200000000000109958e-04	2.584912244031419042e-05
7.600000000000119681e-04	2.395721887569591624e-05
8.000000000000129403e-04	2.171990462426234985e-05
8.400000000000139126e-04	1.936895809905706304e-05
8.800000000000148849e-04	1.703985055372101540e-05
9.200000000000158572e-04	1.480628873111348453e-05
9.600000000000168295e-04	1.301935949873014712e-05
1.000000000000015200e-03	1.110311825986244884e-05
1.040000000000011835e-03	9.241102151679674687e-06
1.080000000000008471e-03	7.428655865363431356e-06
1.120000000000005106e-03	5.854095897821359626e-06
1.160000000000001742e-03	4.644228332185174327e-06
1.199999999999998377e-03	3.794289425872018622e-06
1.239999999999995012e-03	3.118032722279314993e-06
1.279999999999991648e-03	2.324410432117146641e-06
1.319999999999988283e-03	1.368768674569543261e-06
1.359999999999984919e-03	2.909360068212344948e-07
1.399999999999981554e-03	-6.262876934238820487e-07
1.439999999999978190e-03	-1.111585588757740745e-06
1.479999999999974825e-03	-1.170400600784422711e-06
1.519999999999971461e-03	-9.360087381348737476e-07
1.559999999999968096e-03	-7.363002349179071030e-07
1.599999999999964732e-03	-7.736863863326385809e-07
1.639999999999961367e-03	-1.008155331684041997e-06
1.679999999999958003e-03	-1.296647740622363984e-06
1.719999999999954638e-03	-1.410434490610638168e-06
1.759999999999951274e-03	-1.296974122035322514e-06
1.799999999999947909e-03	-1.033234832313965097e-06
1.839999999999944544e-03	-7.832639901401204338e-07
1.879999999999941180e-03	-6.738411661574372184e-07
1.919999999999937815e-03	-6.927863405251208910e-07
1.959999999999935752e-03	-7.009668999898525856e-07
1.999999999999941061e-03	-5.486680864948373832e-07
2.039999999999946370e-03	-2.557865504384388862e-07
2.079999999999951679e-03	9.961332732610014249e-08
2.119999999999956988e-03	3.551604111944460685e-07
2.159999999999962297e-03	3.956787578934397095e-07
2.199999999999967606e-03	2.129055089499673848e-07
2.239999999999972916e-03	-1.022892123807069372e-07
2.279999999999978225e-03	-3.944747484844067896e-07
2.319999999999983534e-03	-5.764906267608898986e-07
2.359999999999988843e-03	-6.234085584956010475e-07
2.399999999999994152e-03	-5.866889103429646308e-07
2.439999999999999461e-03	-5.396935053465251421e-07
2.480000000000004770e-03	-5.707774489066359428e-07
2.520000000000010079e-03	-6.731269397133704666e-07
2.560000000000015388e-03	-8.332174830911249899e-07
2.600000000000020697e-03	-9.925325751352444053e-07
2.640000000000026006e-03	-1.114494441187891322e-06
2.680000000000031316e-03	-1.154734792994419787e-06
2.720000000000036625e-03	-1.121509961698892820e-06
2.760000000000041934e-03	-1.026402594381550774e-06
2.800000000000047243e-03	-8.820154311278875247e-07
2.840000000000052552e-03	-7.267853075680485985e-07
2.880000000000057861e-03	-5.615781093777617120e-07
2.920000000000063170e-03	-4.262524968993293406e-07
2.960000000000068479e-03	-3.261860128329075848e-07
3.000000000000073788e-03	-2.855032268508869057e-07
3.040000000000079097e-03	-3.186773700513211779e-07
3.080000000000084406e-03	-3.643379221701829197e-07
3.120000000000089715e-03	-3.707922087629629314e-07
3.160000000000095025e-03	-2.706668096857879368e-07
3.200000000000100334e-03	-3.583860264135212521e-08
3.240000000000105643e-03	2.973325259870337064e-07
3.280000000000110952e-03	6.425875860363784408e-07
3.320000000000116261e-03	9.039690417942515478e-07
3.360000000000121570e-03	1.033241202671201691e-06
3.400000000000126879e-03	1.023905419294989514e-06
3.440000000000132188e-03	9.331559969933765834e-07
3.480000000000137497e-03	8.104484170162993320e-07
3.520000000000142806e-03	7.234769073105497216e-07
3.560000000000148115e-03	6.531053180310609756e-07
3.600000000000153424e-03	5.793781842166483375e-07
3.640000000000158734e-03	4.951937454915594857e-07
3.680000000000164043e-03	3.885572906172058528e-07
3.720000000000169352e-03	2.832999426003826742e-07
3.760000000000174661e-03	1.994848134540586280e-07
3.800000000000179970e-03	1.418750803651032193e-07
3.840000000000185279e-03	1.126771830138318619e-07
3.880000000000190588e-03	8.798572373743162750e-08
3.920000000000195897e-03	4.965943939841426759e-08
3.960000000000201206e-03	8.722836323612680084e-09
4.000000000000206515e-03	-2.720019454523809692e-08
4.040000000000211824e-03	-3.673974964406260397e-08
4.080000000000217134e-03	-3.269342707111526576e-08
4.120000000000222443e-03	-2.011289899341142080e-08
4.160000000000227752e-03	9.496997858499875454e-09
4.200000000000233061e-03	2.612768638667138408e-08
4.240000000000238370e-03	3.304810213656350097e-08
4.280000000000243679e-03	3.234770635932110896e-08
4.320000000000248988e-03	3.395160954071613740e-08
4.360000000000254297e-03	3.278383436060239106e-08
4.400000000000259606e-03	1.659173290272029578e-08
4.440000000000264915e-03	-1.339827908456110721e-08
4.480000000000270224e-03	-7.958252107889151199e-08
4.520000000000275533e-03	-1.632476498374602352e-07
4.560000000000280843e-03	-2.571297576960164412e-07
4.600000000000286152e-03	-3.628015184344643682e-07
4.640000000000291461e-03	-4.669803364372585951e-07
4.680000000000296770e-03	-5.208871742145298545e-07
4.720000000000302079e-03	-5.209018413125822298e-07
4.760000000000307388e-03	-4.835783588198001687e-07
4.800000000000312697e-03	-4.063611989763124611e-07
4.840000000000318006e-03	-2.888501191179573357e-07
4.880000000000323315e-03	-1.572649374923108307e-07
4.920000000000328624e-03	-2.786467111636691100e-08
4.960000000000333933e-03	9.872744065450864742e-08
5.000000000000339243e-03	2.141815911148526421e-07
5.040000000000344552e-03	3.155467460457902222e-07
5.080000000000349861e-03	3.865233400960728480e-07
5.120000000000355170e-03	4.187624881006458822e-07
5.160000000000360479e-03	4.064816149419006399e-07
5.200000000000365788e-03	3.688271748864701862e-07
5.240000000000371097e-03	3.398002891178416074e-07
5.280000000000376406e-03	3.063663354228900955e-07
5.320000000000381715e-03	2.817237698503809222e-07
5.360000000000387024e-03	2.801045032505273612e-07
5.400000000000392333e-03	2.855630327863140897e-07
5.440000000000397642e-03	2.637214858981014854e-07
5.480000000000402952e-03	2.177321250873506802e-07
5.520000000000408261e-03	1.621766315968126865e-07
5.560000000000413570e-03	8.655942992613192342e-08
5.600000000000418879e-03	1.461817101939859687e-08
5.640000000000424188e-03	-4.396995743931522514e-08
5.680000000000429497e-03	-1.024880900465905376e-07
5.720000000000434806e-03	-1.556856457734997320e-07
5.760000000000440115e-03	-1.999885456083257705e-07
5.800000000000445424e-03	-1.994850599912468361e-07
5.840000000000450733e-03	-1.887430564568937831e-07
5.880000000000456042e-03	-1.330358855930704541e-07
5.920000000000461352e-03	-5.130425520534915465e-08
5.960000000000466661e-03	2.875813977785027708e-08
6.000000000000471970e-03	8.532244898549985687e-08
6.040000000000477279e-03	1.098885955627297784e-07
6.080000000000482588e-03	9.461983007366334686e-08
6.120000000000487897e-03	5.005355733607587991e-08
6.160000000000493206e-03	-5.257578711061421822e-09
6.200000000000498515e-03	-5.230139941959109572e-08
6.240000000000503824e-03	-1.094791863365678503e-07
6.280000000000509133e-03	-1.504329651510546279e-07
6.320000000000514442e-03	-1.899365515916484385e-07
6.360000000000519751e-03	-2.009412412145072821e-07
6.400000000000525061e-03	-2.073914585069322529e-07
6.440000000000530370e-03	-1.861031320767839185e-07
6.480000000000535679e-03	-1.462252769296375022e-07
6.520000000000540988e-03	-9.253236085807327390e-08
6.560000000000546297e-03	-2.909640677669998834e-08
6.600000000000551606e-03	2.908546120706168406e-08
6.640000000000556915e-03	7.141965313289410815e-08
6.680000000000562224e-03	9.358659493637431561e-08
6.720000000000567533e-03	1.015543625510446559e-07
6.760000000000572842e-03	9.625980864105665797e-08
6.800000000000578151e-03	7.719525662821847560e-08
6.840000000000583461e-03	6.247819518833661576e-08
6.880000000000588770e-03	4.059159760818040057e-08
6.920000000000594079e-03	4.122595599098353999e-08
6.960000000000599388e-03	4.753239409953524356e-08
7.000000000000604697e-03	6.380653714490856840e-08
