0.000000000000000000e+00	-1.918438832887748085e-30
3.999999999999998294e-05	-3.220833664759798850e-08
7.999999999999987102e-05	-2.055023794131474270e-06
1.199999999999997591e-04	-6.345097047704830106e-06
1.599999999999996607e-04	-1.369881493737450832e-05
1.999999999999995488e-04	-2.273871094685556022e-05
2.399999999999994369e-04	-3.103763577687451421e-05
2.800000000000003007e-04	-3.565884402522122445e-05
3.200000000000012730e-04	-3.435475804658369865e-05
3.600000000000022453e-04	-2.749397641478350536e-05
4.000000000000032176e-04	-1.688705180751233365e-05
4.400000000000041898e-04	-6.060736675848679158e-06
4.800000000000051621e-04	2.465241572444121982e-06
5.200000000000061344e-04	7.399253657037037743e-06
5.600000000000071067e-04	9.133346457673243533e-06
6.000000000000080790e-04	9.138656856718114154e-06
6.400000000000090512e-04	8.543331515653759597e-06
6.800000000000100235e-04	8.935563307731208426e-06
7.200000000000109958e-04	9.168183104350225533e-06
7.600000000000119681e-04	9.902365944780037267e-06
8.000000000000129403e-04	1.045862792407004728e-05
8.400000000000139126e-04	1.113174699734429665e-05
8.800000000000148849e-04	1.158978402236989785e-05
9.200000000000158572e-04	1.178631941951974826e-05
9.600000000000168295e-04	1.169544244097883517e-05
1.000000000000015200e-03	1.116726334824483088e-05
1.040000000000011835e-03	1.052674057213875644e-05
1.080000000000008471e-03	9.706131177199211173e-06
1.120000000000005106e-03	8.959446576471547167e-06
1.160000000000001742e-03	8.267661540518412419e-06
1.199999999999998377e-03	7.546851890471873033e-06
1.239999999999995012e-03	6.856578956153209654e-06
1.279999999999991648e-03	6.051097474086813588e-06
1.319999999999988283e-03	5.401138280195148553e-06
1.359999999999984919e-03	4.733019350662679122e-06
1.399999999999981554e-03	4.232720628474952564e-06
1.439999999999978190e-03	3.737786018323781648e-06
1.479999999999974825e-03	3.171296468086279545e-06
1.519999999999971461e-03	2.523594524020301587e-06
1.559999999999968096e-03	1.801383674444718014e-06
1.599999999999964732e-03	1.053061104782968738e-06
1.639999999999961367e-03	3.422878074214841394e-07
1.679999999999958003e-03	-2.725551777446722726e-07
1.719999999999954638e-03	-8.577119179715673189e-07
1.759999999999951274e-03	-1.473422593114867254e-06
1.799999999999947909e-03	-2.037156136563083228e-06
1.839999999999944544e-03	-2.481105135242108640e-06
1.879999999999941180e-03	-2.668662578281155597e-06
1.919999999999937815e-03	-2.557973817419530447e-06
1.959999999999935752e-03	-2.146191227452448082e-06
1.999999999999941061e-03	-1.614503515872217887e-06
2.039999999999946370e-03	-1.097182303287537111e-06
2.079999999999951679e-03	-6.905689678471323485e-07
2.119999999999956988e-03	-3.786580293545296909e-07
2.159999999999962297e-03	-1.845456797930131734e-07
2.199999999999967606e-03	-1.821017639704479693e-08
2.239999999999972916e-03	6.323336122120589053e-08
2.279999999999978225e-03	4.745622355331494867e-08
2.319999999999983534e-03	-4.834251729541303021e-08
2.359999999999988843e-03	-2.359296340876560166e-07
2.399999999999994152e-03	-3.993061541767099376e-07
2.439999999999999461e-03	-4.953005931425813491e-07
2.480000000000004770e-03	-5.064839234242728305e-07
2.520000000000010079e-03	-4.281170966906576409e-07
2.560000000000015388e-03	-3.854528566918289143e-07
2.600000000000020697e-03	-3.986263422179002137e-07
2.640000000000026006e-03	-5.049777568834034026e-07
2.680000000000031316e-03	-6.524151294231270773e-07
2.720000000000036625e-03	-8.300518964244088164e-07
2.760000000000041934e-03	-9.670259486084884744e-07
2.800000000000047243e-03	-1.089179191074266042e-06
2.840000000000052552e-03	-1.137761442977577064e-06
2.880000000000057861e-03	-1.120166244412250550e-06
2.920000000000063170e-03	-1.091890675404088111e-06
2.960000000000068479e-03	-9.779295960885907388e-07
3.000000000000073788e-03	-8.393142741623813598e-07
3.040000000000079097e-03	-6.737301990969275343e-07
3.080000000000084406e-03	-4.900386367362287968e-07
3.120000000000089715e-03	-3.361306086522296778e-07
3.160000000000095025e-03	-2.259895342391310902e-07
3.200000000000100334e-03	-1.938534314491235607e-07
3.240000000000105643e-03	-2.149812668690397598e-07
3.280000000000110952e-03	-2.959189003006138448e-07
3.320000000000116261e-03	-3.408040664379094826e-07
3.360000000000121570e-03	-3.365778125103872373e-07
3.400000000000126879e-03	-2.458305705657744144e-07
3.440000000000132188e-03	-1.088006375385845126e-07
3.480000000000137497e-03	5.114287967698361985e-08
3.520000000000142806e-03	2.060436520914736789e-07
3.560000000000148115e-03	3.245247752275727724e-07
3.600000000000153424e-03	4.525076699888504906e-07
3.640000000000158734e-03	5.645498829143373961e-07
3.680000000000164043e-03	6.846141621360095599e-07
3.720000000000169352e-03	7.494310191129337897e-07
3.760000000000174661e-03	7.474283195626838348e-07
3.800000000000179970e-03	6.528607649229867121e-07
3.840000000000185279e-03	5.108672611648363024e-07
3.880000000000190588e-03	3.543874725939239124e-07
3.920000000000195897e-03	2.051644619188562868e-07
3.960000000000201206e-03	1.273655996100138106e-07
4.000000000000206515e-03	7.635207727081002127e-08
4.040000000000211824e-03	6.756725324516569606e-08
4.080000000000217134e-03	6.057637578174152648e-08
4.120000000000222443e-03	1.152452603700796539e-07
4.160000000000227752e-03	2.189854134089915935e-07
4.200000000000233061e-03	3.300472428907295986e-07
4.240000000000238370e-03	4.545420984700185092e-07
4.280000000000243679e-03	4.912361844518205276e-07
4.320000000000248988e-03	4.479109555179984613e-07
4.360000000000254297e-03	3.200085883983881607e-07
4.400000000000259606e-03	1.886323934856682978e-07
4.440000000000264915e-03	7.483073746936625033e-08
4.480000000000270224e-03	3.299554172718881225e-08
4.520000000000275533e-03	6.693589298554429115e-08
4.560000000000280843e-03	1.197701369530762942e-07
4.600000000000286152e-03	1.925550802274778366e-07
4.640000000000291461e-03	2.309200825788920008e-07
4.680000000000296770e-03	2.952878152395117552e-07
4.720000000000302079e-03	3.226064387109043213e-07
4.760000000000307388e-03	3.502000910287514863e-07
4.800000000000312697e-03	3.603159083139929619e-07
4.840000000000318006e-03	3.218579391216253414e-07
4.880000000000323315e-03	2.569786832668822966e-07
4.920000000000328624e-03	1.743157580514394171e-07
4.960000000000333933e-03	1.232520532065200042e-07
5.000000000000339243e-03	8.572157290273292144e-08
5.040000000000344552e-03	8.069790790047044852e-08
5.080000000000349861e-03	6.005879808141461366e-08
5.120000000000355170e-03	2.009949243478453127e-08
5.160000000000360479e-03	-3.598319673293534108e-08
5.200000000000365788e-03	-1.265350390944853312e-07
5.240000000000371097e-03	-1.892486756221589496e-07
5.280000000000376406e-03	-2.390677598502404555e-07
5.320000000000381715e-03	-2.543037546619290965e-07
5.360000000000387024e-03	-2.602472631421572637e-07
5.400000000000392333e-03	-2.716030711623727680e-07
5.440000000000397642e-03	-2.982154394323006336e-07
5.480000000000402952e-03	-3.019622329505079567e-07
5.520000000000408261e-03	-3.169125687908311944e-07
5.560000000000413570e-03	-3.184874068995782147e-07
5.600000000000418879e-03	-2.945780046364908318e-07
5.640000000000424188e-03	-2.894957315781187443e-07
5.680000000000429497e-03	-2.816914588685475028e-07
5.720000000000434806e-03	-2.872999643110011302e-07
5.760000000000440115e-03	-2.932571548769843693e-07
5.800000000000445424e-03	-2.793855021513752213e-07
5.840000000000450733e-03	-2.670452317697354841e-07
5.880000000000456042e-03	-2.385583656298819544e-07
5.920000000000461352e-03	-2.082932651882518611e-07
5.960000000000466661e-03	-1.897558376705111615e-07
6.000000000000471970e-03	-1.709789506313355466e-07
6.040000000000477279e-03	-1.386163269929825143e-07
6.080000000000482588e-03	-1.029389618180128543e-07
6.120000000000487897e-03	-5.701538783084622600e-08
6.160000000000493206e-03	5.797306731343884176e-09
6.200000000000498515e-03	4.735008063650099197e-08
6.240000000000503824e-03	9.068792675679981852e-08
6.280000000000509133e-03	1.401834772070607660e-07
6.320000000000514442e-03	1.802358609160539780e-07
6.360000000000519751e-03	2.210052549310561615e-07
6.400000000000525061e-03	2.298544990516224478e-07
6.440000000000530370e-03	2.316608264816282308e-07
6.480000000000535679e-03	2.255168706878255331e-07
6.520000000000540988e-03	1.972939994741689804e-07
6.560000000000546297e-03	1.779499935480064177e-07
6.600000000000551606e-03	1.728131551115433404e-07
6.640000000000556915e-03	1.900056691845543489e-07
6.680000000000562224e-03	2.101144259015135285e-07
6.720000000000567533e-03	2.294378663432146101e-07
6.760000000000572842e-03	2.421637774571260880e-07
6.800000000000578151e-03	2.385681173339611063e-07
6.840000000000583461e-03	2.379282663198088534e-07
6.880000000000588770e-03	2.184952822716444614e-07
6.920000000000594079e-03	1.935154946877975705e-07
6.960000000000599388e-03	1.510450620601833587e-07
7.000000000000604697e-03	1.265491823445410032e-07
