0.000000000000000000e+00	-2.796831039448399046e-30
3.999999999999998294e-05	-3.410997894043076252e-08
7.999999999999987102e-05	-2.222068948833497242e-06
1.199999999999997591e-04	-7.766603725185092114e-06
1.599999999999996607e-04	-1.736670386944477748e-05
1.999999999999995488e-04	-3.034557238698006967e-05
2.399999999999994369e-04	-4.274222882553018452e-05
2.800000000000003007e-04	-5.058175827080188395e-05
3.200000000000012730e-04	-4.996851251298494589e-05
3.600000000000022453e-04	-4.022223928981603214e-05
4.000000000000032176e-04	-2.392607490844067775e-05
4.400000000000041898e-04	-5.886731902178806752e-06
4.800000000000051621e-04	9.192164518189891329e-06
5.200000000000061344e-04	1.853104605664893852e-05
5.600000000000071067e-04	2.216408375558843267e-05
6.000000000000080790e-04	2.187862111193364384e-05
6.400000000000090512e-04	1.994031447345674451e-05
6.800000000000100235e-04	1.849677871502174297e-05
7.200000000000109958e-04	1.727572903280345215e-05
7.600000000000119681e-04	1.626174818112851084e-05
8.000000000000129403e-04	1.539613852346428157e-05
8.400000000000139126e-04	1.429925042061900975e-05
8.800000000000148849e-04	1.351701597142634466e-05
9.200000000000158572e-04	1.274672853651292804e-05
9.600000000000168295e-04	1.198207686940889739e-05
1.000000000000015200e-03	1.102455978195537098e-05
1.040000000000011835e-03	9.964872861410098415e-06
1.080000000000008471e-03	8.927102691375230685e-06
1.120000000000005106e-03	8.025828603840284620e-06
1.160000000000001742e-03	7.231011566609661829e-06
1.199999999999998377e-03	6.569900627806367986e-06
1.239999999999995012e-03	5.848780712031651221e-06
1.279999999999991648e-03	4.873431544995720132e-06
1.319999999999988283e-03	3.781962682351121315e-06
1.359999999999984919e-03	2.703094046171883955e-06
1.399999999999981554e-03	1.793813878394133144e-06
1.439999999999978190e-03	1.326002345193612275e-06
1.479999999999974825e-03	1.096180059342043936e-06
1.519999999999971461e-03	9.824916764886950204e-07
1.559999999999968096e-03	7.585264625695319113e-07
1.599999999999964732e-03	3.467348177506943700e-07
1.639999999999961367e-03	-2.082126965713931486e-07
1.679999999999958003e-03	-7.549661540719232764e-07
1.719999999999954638e-03	-1.169360222594069835e-06
1.759999999999951274e-03	-1.365061727249197345e-06
1.799999999999947909e-03	-1.411523029377191983e-06
1.839999999999944544e-03	-1.373274424355798540e-06
1.879999999999941180e-03	-1.299457647153335626e-06
1.919999999999937815e-03	-1.195499885863002838e-06
1.959999999999935752e-03	-1.036437136421296793e-06
1.999999999999941061e-03	-8.055263995263166282e-07
2.039999999999946370e-03	-5.945047453589779002e-07
2.079999999999951679e-03	-4.101951952884922691e-07
2.119999999999956988e-03	-3.508043882101143845e-07
2.159999999999962297e-03	-4.497688890463571900e-07
2.199999999999967606e-03	-5.902823547887976636e-07
2.239999999999972916e-03	-7.661495928463976366e-07
2.279999999999978225e-03	-8.816092638097117138e-07
2.319999999999983534e-03	-8.997309209416155836e-07
2.359999999999988843e-03	-8.383000254518868566e-07
2.399999999999994152e-03	-6.815418187069245168e-07
2.439999999999999461e-03	-5.186607092422237798e-07
2.480000000000004770e-03	-3.651579379460544899e-07
2.520000000000010079e-03	-2.082813656337594326e-07
2.560000000000015388e-03	-7.856701291170590649e-08
2.600000000000020697e-03	2.421584510134591071e-08
2.640000000000026006e-03	9.291811208699880158e-08
2.680000000000031316e-03	8.510875605300462154e-08
2.720000000000036625e-03	1.521374538268793902e-10
2.760000000000041934e-03	-1.557111297305141440e-07
2.800000000000047243e-03	-4.313702631687250243e-07
2.840000000000052552e-03	-7.191532210281321498e-07
2.880000000000057861e-03	-9.983498486252136737e-07
2.920000000000063170e-03	-1.254078340992836306e-06
2.960000000000068479e-03	-1.431380465215638008e-06
3.000000000000073788e-03	-1.557979263058068772e-06
3.040000000000079097e-03	-1.643057308645103600e-06
3.080000000000084406e-03	-1.643380561853610912e-06
3.120000000000089715e-03	-1.542092822579967939e-06
3.160000000000095025e-03	-1.318964306311901145e-06
3.200000000000100334e-03	-9.698951421320335663e-07
3.240000000000105643e-03	-5.504838469560397531e-07
3.280000000000110952e-03	-8.933256964976319067e-08
3.320000000000116261e-03	3.522594102409408343e-07
3.360000000000121570e-03	7.365523653971553961e-07
3.400000000000126879e-03	1.043804660070220970e-06
3.440000000000132188e-03	1.236481507725993083e-06
3.480000000000137497e-03	1.311753741026715096e-06
3.520000000000142806e-03	1.300048206148200698e-06
3.560000000000148115e-03	1.176194286909824858e-06
3.600000000000153424e-03	9.762848039687192988e-07
3.640000000000158734e-03	7.861481641433405193e-07
3.680000000000164043e-03	5.801716789783903257e-07
3.720000000000169352e-03	4.019317946168317287e-07
3.760000000000174661e-03	2.615513441944582914e-07
3.800000000000179970e-03	1.555427580408429237e-07
3.840000000000185279e-03	1.188516762145487475e-07
3.880000000000190588e-03	1.231235275548524949e-07
3.920000000000195897e-03	1.771123922172477752e-07
3.960000000000201206e-03	2.496198607844671262e-07
4.000000000000206515e-03	3.094614810948990753e-07
4.040000000000211824e-03	3.110908840289342143e-07
4.080000000000217134e-03	2.664869117231027799e-07
4.120000000000222443e-03	1.428781572554925375e-07
4.160000000000227752e-03	1.206018509752135949e-08
4.200000000000233061e-03	-1.249822993611745838e-07
4.240000000000238370e-03	-2.337555863820020117e-07
4.280000000000243679e-03	-2.785374000787466379e-07
4.320000000000248988e-03	-2.897513275848445459e-07
4.360000000000254297e-03	-2.492146925732634478e-07
4.400000000000259606e-03	-1.907501143686961579e-07
4.440000000000264915e-03	-1.218059564159621820e-07
4.480000000000270224e-03	-5.392775991090283550e-08
4.520000000000275533e-03	-1.179102341475984765e-09
4.560000000000280843e-03	1.532909813647947994e-08
4.600000000000286152e-03	-3.881611343667641880e-09
4.640000000000291461e-03	-1.927720944835886632e-08
4.680000000000296770e-03	-3.461470596164866576e-08
4.720000000000302079e-03	-2.398546673651561442e-08
4.760000000000307388e-03	-5.572462252157158309e-09
4.800000000000312697e-03	6.173099559350401559e-08
4.840000000000318006e-03	1.497181454807825854e-07
4.880000000000323315e-03	2.471214607177306224e-07
4.920000000000328624e-03	3.615828605026588227e-07
4.960000000000333933e-03	4.614793384553272272e-07
5.000000000000339243e-03	5.561859237127011850e-07
5.040000000000344552e-03	6.247094618089764357e-07
5.080000000000349861e-03	6.400503086669391011e-07
5.120000000000355170e-03	6.109481070006730373e-07
5.160000000000360479e-03	5.502858284829293694e-07
5.200000000000365788e-03	4.569565308047402176e-07
5.240000000000371097e-03	3.473721523102418484e-07
5.280000000000376406e-03	2.297816551286290784e-07
5.320000000000381715e-03	1.047266290741915625e-07
5.360000000000387024e-03	-1.047812559905620008e-08
5.400000000000392333e-03	-1.275099569146980758e-07
5.440000000000397642e-03	-2.391211979266900838e-07
5.480000000000402952e-03	-3.329560017152376754e-07
5.520000000000408261e-03	-4.112851298077962483e-07
5.560000000000413570e-03	-4.583593363788226839e-07
5.600000000000418879e-03	-4.777613244325323947e-07
5.640000000000424188e-03	-4.936635553029217125e-07
5.680000000000429497e-03	-4.796576766330302141e-07
5.720000000000434806e-03	-4.800723307229874785e-07
5.760000000000440115e-03	-4.740028651614437909e-07
5.800000000000445424e-03	-4.535948760180960447e-07
5.840000000000450733e-03	-4.350873682762092336e-07
5.880000000000456042e-03	-3.966937043166286218e-07
5.920000000000461352e-03	-3.635949436515724443e-07
5.960000000000466661e-03	-3.282927959123830325e-07
6.000000000000471970e-03	-3.034398467289860350e-07
6.040000000000477279e-03	-2.694834094633323490e-07
6.080000000000482588e-03	-2.085606769487020471e-07
6.120000000000487897e-03	-1.293671198085817587e-07
6.160000000000493206e-03	-3.047393502174683099e-08
6.200000000000498515e-03	8.499232055703732816e-08
6.240000000000503824e-03	2.154066543571128030e-07
6.280000000000509133e-03	3.090977242858072178e-07
6.320000000000514442e-03	3.926903375814267707e-07
6.360000000000519751e-03	4.511877048080383974e-07
6.400000000000525061e-03	4.538624803799459049e-07
6.440000000000530370e-03	4.286347264185990091e-07
6.480000000000535679e-03	3.565622407252547398e-07
6.520000000000540988e-03	2.457047666385323069e-07
6.560000000000546297e-03	1.179213582170120935e-07
6.600000000000551606e-03	1.076533777617543408e-08
6.640000000000556915e-03	-9.031904660087609141e-08
6.680000000000562224e-03	-1.453581180560686858e-07
6.720000000000567533e-03	-1.712305549327108096e-07
6.760000000000572842e-03	-1.487930605500360184e-07
6.800000000000578151e-03	-8.968865901255720764e-08
6.840000000000583461e-03	-2.037187737981419836e-08
6.880000000000588770e-03	5.133362030348380484e-08
6.920000000000594079e-03	1.228322527561470915e-07
6.960000000000599388e-03	1.692126655666567007e-07
7.000000000000604697e-03	2.153513267854587857e-07
