0.000000000000000000e+00	-2.141285295690509680e-30
3.999999999999998294e-05	-3.034070103242426322e-08
7.999999999999987102e-05	-2.033031110643240040e-06
1.199999999999997591e-04	-6.428162017994823568e-06
1.599999999999996607e-04	-1.418711394508163974e-05
1.999999999999995488e-04	-2.397274976540166391e-05
2.399999999999994369e-04	-3.346332013486250892e-05
2.800000000000003007e-04	-3.951601932857971080e-05
3.200000000000012730e-04	-3.973017968497538887e-05
3.600000000000022453e-04	-3.396165722453137116e-05
4.000000000000032176e-04	-2.391901712478258210e-05
4.400000000000041898e-04	-1.297913324685377074e-05
4.800000000000051621e-04	-3.802329087541972925e-06
5.200000000000061344e-04	1.926032654272302393e-06
5.600000000000071067e-04	4.583346049689098874e-06
6.000000000000080790e-04	5.248284811054263754e-06
6.400000000000090512e-04	5.230312984201440753e-06
6.800000000000100235e-04	5.928822452137512002e-06
7.200000000000109958e-04	6.414702768879683159e-06
7.600000000000119681e-04	7.198542688186284185e-06
8.000000000000129403e-04	7.526632217338895706e-06
8.400000000000139126e-04	7.856261654642326774e-06
8.800000000000148849e-04	7.947524083887200883e-06
9.200000000000158572e-04	7.972118455421525106e-06
9.600000000000168295e-04	8.060327298612944658e-06
1.000000000000015200e-03	8.089608780007916049e-06
1.040000000000011835e-03	8.328121056702089599e-06
1.080000000000008471e-03	8.447980351393738848e-06
1.120000000000005106e-03	8.724200419243419673e-06
1.160000000000001742e-03	8.917821783056352586e-06
1.199999999999998377e-03	9.116565033175120451e-06
1.239999999999995012e-03	9.402009281702145460e-06
1.279999999999991648e-03	9.686257824951284296e-06
1.319999999999988283e-03	1.006037919558023480e-05
1.359999999999984919e-03	1.021945078633748772e-05
1.399999999999981554e-03	1.031761987523531200e-05
1.439999999999978190e-03	1.009543733111629502e-05
1.479999999999974825e-03	9.741051267926622851e-06
1.519999999999971461e-03	9.288595798247174058e-06
1.559999999999968096e-03	8.823532997540498967e-06
1.599999999999964732e-03	8.543420534623858789e-06
1.639999999999961367e-03	8.272314012775822025e-06
1.679999999999958003e-03	8.085198770609057018e-06
1.719999999999954638e-03	7.814203185093955103e-06
1.759999999999951274e-03	7.527160976774066576e-06
1.799999999999947909e-03	7.250982807883735421e-06
1.839999999999944544e-03	7.033954978079578602e-06
1.879999999999941180e-03	6.876760152045640080e-06
1.919999999999937815e-03	6.624289992551920267e-06
1.959999999999935752e-03	6.271710039658912136e-06
1.999999999999941061e-03	5.671157368584498000e-06
2.039999999999946370e-03	4.906222315716121764e-06
2.079999999999951679e-03	3.961643953200976344e-06
2.119999999999956988e-03	3.070094651544640724e-06
2.159999999999962297e-03	2.219271197800042200e-06
2.199999999999967606e-03	1.378514368894176515e-06
2.239999999999972916e-03	5.588431556127526370e-07
2.279999999999978225e-03	-2.860474315095841751e-07
2.319999999999983534e-03	-1.162182825164192809e-06
2.359999999999988843e-03	-2.064534572101327097e-06
2.399999999999994152e-03	-2.920091998492230525e-06
2.439999999999999461e-03	-3.720349125625712966e-06
2.480000000000004770e-03	-4.366872262126839828e-06
2.520000000000010079e-03	-4.799604998242601555e-06
2.560000000000015388e-03	-5.025017508970711345e-06
2.600000000000020697e-03	-4.971852404274925216e-06
2.640000000000026006e-03	-4.763223444755690084e-06
2.680000000000031316e-03	-4.457142607389976656e-06
2.720000000000036625e-03	-4.238716712152211210e-06
2.760000000000041934e-03	-4.172666225285787718e-06
2.800000000000047243e-03	-4.233560669313735873e-06
2.840000000000052552e-03	-4.386831922059750172e-06
2.880000000000057861e-03	-4.483217923705465388e-06
2.920000000000063170e-03	-4.549976608118820419e-06
2.960000000000068479e-03	-4.526558048020573016e-06
3.000000000000073788e-03	-4.480101625727332753e-06
3.040000000000079097e-03	-4.464327876986083231e-06
3.080000000000084406e-03	-4.464561713069665836e-06
3.120000000000089715e-03	-4.396501830650042130e-06
3.160000000000095025e-03	-4.282661067105497108e-06
3.200000000000100334e-03	-4.045745772687233924e-06
3.240000000000105643e-03	-3.756975445731579772e-06
3.280000000000110952e-03	-3.469516786161187507e-06
3.320000000000116261e-03	-3.198373380617432541e-06
3.360000000000121570e-03	-2.975211780989962421e-06
3.400000000000126879e-03	-2.726302998509225326e-06
3.440000000000132188e-03	-2.397736053551211513e-06
3.480000000000137497e-03	-1.996612425648003649e-06
3.520000000000142806e-03	-1.522331463543640688e-06
3.560000000000148115e-03	-1.036746564699330405e-06
3.600000000000153424e-03	-6.193624631693085946e-07
3.640000000000158734e-03	-2.171934638206943156e-07
3.680000000000164043e-03	1.049457653166358976e-07
3.720000000000169352e-03	4.013688428552539131e-07
3.760000000000174661e-03	6.801496061544854812e-07
3.800000000000179970e-03	9.009522184602733921e-07
3.840000000000185279e-03	1.078369187947202908e-06
3.880000000000190588e-03	1.170427635516827770e-06
3.920000000000195897e-03	1.250685990146973713e-06
3.960000000000201206e-03	1.305047304525236518e-06
4.000000000000206515e-03	1.418355849088612650e-06
4.040000000000211824e-03	1.547573934639969506e-06
4.080000000000217134e-03	1.735300232745142641e-06
4.120000000000222443e-03	1.932563381579002048e-06
4.160000000000227752e-03	2.088603743185755517e-06
4.200000000000233061e-03	2.263246869673746383e-06
4.240000000000238370e-03	2.357535087416931843e-06
4.280000000000243679e-03	2.459105110636525353e-06
4.320000000000248988e-03	2.515667921580281416e-06
4.360000000000254297e-03	2.528584219590307696e-06
4.400000000000259606e-03	2.502084083868006869e-06
4.440000000000264915e-03	2.379898939855272393e-06
4.480000000000270224e-03	2.274108331477159712e-06
4.520000000000275533e-03	2.072342125222006772e-06
4.560000000000280843e-03	1.925483872742864806e-06
4.600000000000286152e-03	1.710439794712591986e-06
4.640000000000291461e-03	1.514981062535301971e-06
4.680000000000296770e-03	1.288233747396594936e-06
4.720000000000302079e-03	1.034180350073463445e-06
4.760000000000307388e-03	7.835232834931031570e-07
4.800000000000312697e-03	5.140294114230719255e-07
4.840000000000318006e-03	3.468252026905056545e-07
4.880000000000323315e-03	1.808952392827620438e-07
4.920000000000328624e-03	1.202092177383899944e-07
4.960000000000333933e-03	1.123462995808447620e-07
5.000000000000339243e-03	1.437649569520088537e-07
5.040000000000344552e-03	2.623582486446552550e-07
5.080000000000349861e-03	3.753632657169737176e-07
5.120000000000355170e-03	5.550585417068413150e-07
5.160000000000360479e-03	6.610641495038200482e-07
5.200000000000365788e-03	7.769414242640427730e-07
5.240000000000371097e-03	8.156450085570543659e-07
5.280000000000376406e-03	7.841984338891560821e-07
5.320000000000381715e-03	6.638715187535202210e-07
5.360000000000387024e-03	4.258953893161855652e-07
5.400000000000392333e-03	1.818060971914244579e-07
5.440000000000397642e-03	-1.581520166088509659e-07
5.480000000000402952e-03	-4.213958140476935240e-07
5.520000000000408261e-03	-6.413504159330805153e-07
5.560000000000413570e-03	-7.833032651554440633e-07
5.600000000000418879e-03	-8.411373055591590505e-07
5.640000000000424188e-03	-8.703580410499003062e-07
5.680000000000429497e-03	-8.653382264510776174e-07
5.720000000000434806e-03	-8.741044261347758460e-07
5.760000000000440115e-03	-8.418144011971990858e-07
5.800000000000445424e-03	-8.068058481670056576e-07
5.840000000000450733e-03	-7.533605813328316513e-07
5.880000000000456042e-03	-7.155405202860675842e-07
5.920000000000461352e-03	-7.092723407464075135e-07
5.960000000000466661e-03	-7.303247548370035785e-07
6.000000000000471970e-03	-8.262281857554660267e-07
6.040000000000477279e-03	-8.860685857193402372e-07
6.080000000000482588e-03	-9.582090119097504045e-07
6.120000000000487897e-03	-9.883511366101626427e-07
6.160000000000493206e-03	-9.584240345126918351e-07
6.200000000000498515e-03	-8.958105330160744093e-07
6.240000000000503824e-03	-7.942281522990460461e-07
6.280000000000509133e-03	-6.967348952645427770e-07
6.320000000000514442e-03	-5.680742849975443556e-07
6.360000000000519751e-03	-4.773306869521288782e-07
6.400000000000525061e-03	-3.798528128717390319e-07
6.440000000000530370e-03	-3.224705760309754390e-07
6.480000000000535679e-03	-2.666272790855820671e-07
6.520000000000540988e-03	-2.517835862474099399e-07
6.560000000000546297e-03	-2.256646086823594557e-07
6.600000000000551606e-03	-1.897442603037361136e-07
6.640000000000556915e-03	-1.686766283229616946e-07
6.680000000000562224e-03	-1.455022724246877966e-07
6.720000000000567533e-03	-9.510815982201741877e-08
6.760000000000572842e-03	-4.774236945223414644e-08
6.800000000000578151e-03	6.819142952413357957e-09
6.840000000000583461e-03	6.776249208787154823e-08
6.880000000000588770e-03	1.417557362815954788e-07
6.920000000000594079e-03	2.052463165106091872e-07
6.960000000000599388e-03	2.420969773159487651e-07
7.000000000000604697e-03	2.661684895499473959e-07
