0.000000000000000000e+00	-2.065947892865241131e-30
3.999999999999998294e-05	-2.703126178770874764e-08
7.999999999999987102e-05	-2.044235593951595877e-06
1.199999999999997591e-04	-6.337532124501855111e-06
1.599999999999996607e-04	-1.366760259515688533e-05
1.999999999999995488e-04	-2.270313650885541712e-05
2.399999999999994369e-04	-3.101549509377137984e-05
2.800000000000003007e-04	-3.561187687895192496e-05
3.200000000000012730e-04	-3.433691582522315757e-05
3.600000000000022453e-04	-2.749233347908818564e-05
4.000000000000032176e-04	-1.691042854693805417e-05
4.400000000000041898e-04	-6.087783001318049896e-06
4.800000000000051621e-04	2.436919297950890122e-06
5.200000000000061344e-04	7.361196626840181479e-06
5.600000000000071067e-04	9.106732831866484813e-06
6.000000000000080790e-04	9.113768631520392604e-06
6.400000000000090512e-04	8.670446409024319299e-06
6.800000000000100235e-04	9.249206887348531604e-06
7.200000000000109958e-04	9.805203282525774944e-06
7.600000000000119681e-04	1.081338350614757747e-05
8.000000000000129403e-04	1.148918451235563333e-05
8.400000000000139126e-04	1.209053119241569431e-05
8.800000000000148849e-04	1.223846467158651957e-05
9.200000000000158572e-04	1.205273391049336133e-05
9.600000000000168295e-04	1.160111189486187035e-05
1.000000000000015200e-03	1.081494294060844654e-05
1.040000000000011835e-03	1.002494244651195896e-05
1.080000000000008471e-03	9.071810687676238520e-06
1.120000000000005106e-03	8.188765795504154821e-06
1.160000000000001742e-03	7.265624264630554489e-06
1.199999999999998377e-03	6.354393815271991386e-06
1.239999999999995012e-03	5.524321861204944901e-06
1.279999999999991648e-03	4.753467352179594322e-06
1.319999999999988283e-03	4.123854494139798462e-06
1.359999999999984919e-03	3.546715677527441354e-06
1.399999999999981554e-03	3.113235672362236095e-06
1.439999999999978190e-03	2.760979325598232879e-06
1.479999999999974825e-03	2.394972941141135104e-06
1.519999999999971461e-03	2.049688894693378832e-06
1.559999999999968096e-03	1.639992561370143428e-06
1.599999999999964732e-03	1.197405796604142885e-06
1.639999999999961367e-03	7.335909640243912627e-07
1.679999999999958003e-03	2.865780766353024224e-07
1.719999999999954638e-03	-1.431076424175821725e-07
1.759999999999951274e-03	-5.004939300910437788e-07
1.799999999999947909e-03	-8.240804723853833379e-07
1.839999999999944544e-03	-1.035433339047558773e-06
1.879999999999941180e-03	-1.129155535355664777e-06
1.919999999999937815e-03	-1.047164935316276672e-06
1.959999999999935752e-03	-8.452448951069150254e-07
1.999999999999941061e-03	-6.505011440606639461e-07
2.039999999999946370e-03	-5.227500910633963977e-07
2.079999999999951679e-03	-5.160177884856742468e-07
2.119999999999956988e-03	-6.290959619309505144e-07
2.159999999999962297e-03	-8.018633690725328079e-07
2.199999999999967606e-03	-9.023956514631975657e-07
2.239999999999972916e-03	-9.244069672524722120e-07
2.279999999999978225e-03	-8.772271881306553527e-07
2.319999999999983534e-03	-8.419166789921131517e-07
2.359999999999988843e-03	-8.936618746638974277e-07
2.399999999999994152e-03	-9.909301441597694584e-07
2.439999999999999461e-03	-1.050989151733276535e-06
2.480000000000004770e-03	-9.883142781897182749e-07
2.520000000000010079e-03	-8.326458650696727118e-07
2.560000000000015388e-03	-5.594923922788419069e-07
2.600000000000020697e-03	-2.680103700761340688e-07
2.640000000000026006e-03	-5.444157377738916207e-08
2.680000000000031316e-03	3.846893093652872404e-08
2.720000000000036625e-03	7.727616986186449501e-08
2.760000000000041934e-03	6.919973289323986990e-08
2.800000000000047243e-03	4.426974072288605641e-08
2.840000000000052552e-03	1.573150078482456884e-08
2.880000000000057861e-03	-6.290709428075348315e-08
2.920000000000063170e-03	-1.707477874837389376e-07
2.960000000000068479e-03	-2.737765113276274239e-07
3.000000000000073788e-03	-3.612366523816536195e-07
3.040000000000079097e-03	-4.139856990029491888e-07
3.080000000000084406e-03	-3.875125215023723757e-07
3.120000000000089715e-03	-3.660851513466209208e-07
3.160000000000095025e-03	-3.791979909835384166e-07
3.200000000000100334e-03	-4.143722010523429445e-07
3.240000000000105643e-03	-4.918147353245201119e-07
3.280000000000110952e-03	-5.291503698402457900e-07
3.320000000000116261e-03	-5.278425749116169996e-07
3.360000000000121570e-03	-4.733313535507008547e-07
3.400000000000126879e-03	-3.456658322816948016e-07
3.440000000000132188e-03	-2.456103983536119577e-07
3.480000000000137497e-03	-1.200625725657103466e-07
3.520000000000142806e-03	-5.776557759652088522e-08
3.560000000000148115e-03	1.763381771813933372e-08
3.600000000000153424e-03	7.323156970480784541e-08
3.640000000000158734e-03	9.721651011758364358e-08
3.680000000000164043e-03	9.215985544562538631e-08
3.720000000000169352e-03	4.986031936812202458e-08
3.760000000000174661e-03	6.657715847759359173e-09
3.800000000000179970e-03	-4.442550047499530764e-08
3.840000000000185279e-03	-6.601317473937900973e-08
3.880000000000190588e-03	-4.960221341843442298e-08
3.920000000000195897e-03	-1.178672225090835111e-11
3.960000000000201206e-03	8.742889007455653443e-08
4.000000000000206515e-03	1.405924893137202179e-07
4.040000000000211824e-03	2.505938073955511665e-07
4.080000000000217134e-03	3.258598173989660761e-07
4.120000000000222443e-03	4.158046418663625085e-07
4.160000000000227752e-03	4.635883499850144329e-07
4.200000000000233061e-03	4.993593038294175262e-07
4.240000000000238370e-03	5.039956007188367212e-07
4.280000000000243679e-03	4.540052887662632541e-07
4.320000000000248988e-03	4.084264970920468687e-07
4.360000000000254297e-03	3.168141968332937719e-07
4.400000000000259606e-03	2.633253907713613753e-07
4.440000000000264915e-03	2.000172717982340696e-07
4.480000000000270224e-03	1.534403082956484942e-07
4.520000000000275533e-03	1.201039767834501216e-07
4.560000000000280843e-03	8.161065210219101479e-08
4.600000000000286152e-03	6.290440844404675532e-08
4.640000000000291461e-03	1.959879603479052851e-08
4.680000000000296770e-03	-2.567979146860163383e-08
4.720000000000302079e-03	-5.036249323012954722e-08
4.760000000000307388e-03	-7.038872357704006727e-08
4.800000000000312697e-03	-7.791356423838987784e-08
4.840000000000318006e-03	-7.881186475719321915e-08
4.880000000000323315e-03	-4.992101122121490407e-08
4.920000000000328624e-03	-1.688695792196947610e-08
4.960000000000333933e-03	3.027128082899454367e-08
5.000000000000339243e-03	9.622619473487734763e-08
5.040000000000344552e-03	1.696037400646947861e-07
5.080000000000349861e-03	2.437027033034319805e-07
5.120000000000355170e-03	2.973141125964380320e-07
5.160000000000360479e-03	3.046503066998687712e-07
5.200000000000365788e-03	2.817078166838120455e-07
5.240000000000371097e-03	2.347249782099623206e-07
5.280000000000376406e-03	1.814860012439104610e-07
5.320000000000381715e-03	1.241083098197725132e-07
5.360000000000387024e-03	8.040663845003365766e-08
5.400000000000392333e-03	4.226762278044032567e-08
5.440000000000397642e-03	2.775241821398576987e-09
5.480000000000402952e-03	-3.422713882223295780e-08
5.520000000000408261e-03	-8.314074765290481308e-08
5.560000000000413570e-03	-1.144944180350369491e-07
5.600000000000418879e-03	-1.595331644796355456e-07
5.640000000000424188e-03	-1.741216446801063724e-07
5.680000000000429497e-03	-1.889095384111085333e-07
5.720000000000434806e-03	-1.853284776504747300e-07
5.760000000000440115e-03	-1.646859655547427372e-07
5.800000000000445424e-03	-1.338923622461287775e-07
5.840000000000450733e-03	-8.890027875127241619e-08
5.880000000000456042e-03	-4.423201725295471396e-08
5.920000000000461352e-03	-8.660416132151441444e-09
5.960000000000466661e-03	8.790787160338613996e-10
6.000000000000471970e-03	-6.805048036359494727e-10
6.040000000000477279e-03	-1.978296209669707975e-09
6.080000000000482588e-03	-2.377908296332914523e-08
6.120000000000487897e-03	-2.495009823125989314e-08
6.160000000000493206e-03	-2.414841068202327993e-08
6.200000000000498515e-03	-5.472263266495951432e-09
6.240000000000503824e-03	-1.697241081242705856e-08
6.280000000000509133e-03	-1.129338918926285048e-08
6.320000000000514442e-03	-1.587047228118513425e-08
6.360000000000519751e-03	-4.903639433866215692e-09
6.400000000000525061e-03	2.471088590301074593e-08
6.440000000000530370e-03	6.620964595102476172e-08
6.480000000000535679e-03	1.056647318079606182e-07
6.520000000000540988e-03	1.080372668085035380e-07
6.560000000000546297e-03	1.079474550398389670e-07
6.600000000000551606e-03	7.343448202404368776e-08
6.640000000000556915e-03	2.143417864238363534e-08
6.680000000000562224e-03	-2.318130767687474131e-08
6.720000000000567533e-03	-4.528716985917855739e-08
6.760000000000572842e-03	-6.903188587033701938e-08
6.800000000000578151e-03	-8.855871710943151988e-08
6.840000000000583461e-03	-9.506881993281165059e-08
6.880000000000588770e-03	-1.008444430841715749e-07
6.920000000000594079e-03	-9.402107314943345205e-08
6.960000000000599388e-03	-8.115740653496820238e-08
7.000000000000604697e-03	-6.602214510578287802e-08
