0.000000000000000000e+00	-8.791450750342837811e-31
3.999999999999998294e-05	-3.033125863976262015e-08
7.999999999999987102e-05	-2.039151016283588826e-06
1.199999999999997591e-04	-6.328058296564241621e-06
1.599999999999996607e-04	-1.367653141864318143e-05
1.999999999999995488e-04	-2.265711770519862207e-05
2.399999999999994369e-04	-3.069533355177475235e-05
2.800000000000003007e-04	-3.509944162645151067e-05
3.200000000000012730e-04	-3.351864642991544881e-05
3.600000000000022453e-04	-2.641562360084031855e-05
4.000000000000032176e-04	-1.576302769044684711e-05
4.400000000000041898e-04	-5.014601010777147946e-06
4.800000000000051621e-04	3.098187885051366019e-06
5.200000000000061344e-04	7.484497602373041424e-06
5.600000000000071067e-04	8.503947172992713750e-06
6.000000000000080790e-04	7.822219493592974442e-06
6.400000000000090512e-04	6.718244573983804326e-06
6.800000000000100235e-04	6.751038016143387514e-06
7.200000000000109958e-04	6.904671290875053619e-06
7.600000000000119681e-04	7.591290371054658579e-06
8.000000000000129403e-04	8.019359205772361030e-06
8.400000000000139126e-04	8.201585981913030613e-06
8.800000000000148849e-04	8.306062541350206133e-06
9.200000000000158572e-04	8.100197729956101661e-06
9.600000000000168295e-04	7.995080687127598571e-06
1.000000000000015200e-03	7.829556687084896920e-06
1.040000000000011835e-03	7.823359938340019006e-06
1.080000000000008471e-03	7.772959495992145867e-06
1.120000000000005106e-03	7.633177447046773226e-06
1.160000000000001742e-03	7.401783691750293564e-06
1.199999999999998377e-03	7.010725751489906476e-06
1.239999999999995012e-03	6.673094365155115766e-06
1.279999999999991648e-03	6.246305989777978839e-06
1.319999999999988283e-03	5.914117956053575011e-06
1.359999999999984919e-03	5.478005970801829507e-06
1.399999999999981554e-03	5.052271556967295158e-06
1.439999999999978190e-03	4.655350260170398382e-06
1.479999999999974825e-03	4.254085528215698292e-06
1.519999999999971461e-03	3.950933548059715699e-06
1.559999999999968096e-03	3.741419550358754303e-06
1.599999999999964732e-03	3.475169738125080414e-06
1.639999999999961367e-03	3.226984100048503758e-06
1.679999999999958003e-03	2.919824198598680224e-06
1.719999999999954638e-03	2.649419768752863340e-06
1.759999999999951274e-03	2.401042029104530073e-06
1.799999999999947909e-03	2.192633918928905020e-06
1.839999999999944544e-03	1.961616417622983559e-06
1.879999999999941180e-03	1.671210147561325185e-06
1.919999999999937815e-03	1.263209904087063515e-06
1.959999999999935752e-03	7.998158295592121925e-07
1.999999999999941061e-03	3.447487359379744052e-07
2.039999999999946370e-03	-1.972504024809657803e-08
2.079999999999951679e-03	-2.755895381991419587e-07
2.119999999999956988e-03	-3.867734111363891398e-07
2.159999999999962297e-03	-4.973959000513547047e-07
2.199999999999967606e-03	-5.044251979319099023e-07
2.239999999999972916e-03	-5.060662673178873780e-07
2.279999999999978225e-03	-4.291256778557704828e-07
2.319999999999983534e-03	-3.217764622617943166e-07
2.359999999999988843e-03	-2.412298198858798655e-07
2.399999999999994152e-03	-1.835603140656200243e-07
2.439999999999999461e-03	-1.977916020578925189e-07
2.480000000000004770e-03	-2.734774791170370286e-07
2.520000000000010079e-03	-3.133859112449810057e-07
2.560000000000015388e-03	-3.467154163254672401e-07
2.600000000000020697e-03	-3.565832878714117132e-07
2.640000000000026006e-03	-4.278775797797105004e-07
2.680000000000031316e-03	-5.868397405130947498e-07
2.720000000000036625e-03	-8.096206045133177820e-07
2.760000000000041934e-03	-1.091294233620478715e-06
2.800000000000047243e-03	-1.333992770996501320e-06
2.840000000000052552e-03	-1.462825420524315392e-06
2.880000000000057861e-03	-1.504650427779348904e-06
2.920000000000063170e-03	-1.469023365240399794e-06
2.960000000000068479e-03	-1.413005315349690958e-06
3.000000000000073788e-03	-1.349907818446013002e-06
3.040000000000079097e-03	-1.302232261827838364e-06
3.080000000000084406e-03	-1.194422277987025443e-06
3.120000000000089715e-03	-1.058326401898959504e-06
3.160000000000095025e-03	-8.948492375995852758e-07
3.200000000000100334e-03	-8.005156451118289978e-07
3.240000000000105643e-03	-7.523461994903095343e-07
3.280000000000110952e-03	-7.948897353837289383e-07
3.320000000000116261e-03	-9.334634924264319183e-07
3.360000000000121570e-03	-1.027295166245096747e-06
3.400000000000126879e-03	-1.130547744693830513e-06
3.440000000000132188e-03	-1.175029659915894490e-06
3.480000000000137497e-03	-1.154979150925254663e-06
3.520000000000142806e-03	-1.143319756427524857e-06
3.560000000000148115e-03	-1.049952114153377597e-06
3.600000000000153424e-03	-9.515187818741240900e-07
3.640000000000158734e-03	-8.185235225206575647e-07
3.680000000000164043e-03	-6.812025530866311236e-07
3.720000000000169352e-03	-6.033505097878930602e-07
3.760000000000174661e-03	-5.389915616443019994e-07
3.800000000000179970e-03	-5.050410237030597726e-07
3.840000000000185279e-03	-4.639971903855560535e-07
3.880000000000190588e-03	-3.563750299131843006e-07
3.920000000000195897e-03	-2.127859481061137799e-07
3.960000000000201206e-03	-1.447022753642776984e-08
4.000000000000206515e-03	1.563033320731693067e-07
4.040000000000211824e-03	2.988330252910771528e-07
4.080000000000217134e-03	4.021921628402535978e-07
4.120000000000222443e-03	5.060541457007424258e-07
4.160000000000227752e-03	5.944165489807110217e-07
4.200000000000233061e-03	6.542480429984342797e-07
4.240000000000238370e-03	7.025808383018418893e-07
4.280000000000243679e-03	6.696866506721122602e-07
4.320000000000248988e-03	6.244396552864428963e-07
4.360000000000254297e-03	5.286970461270292076e-07
4.400000000000259606e-03	4.405021455436312042e-07
4.440000000000264915e-03	4.093293775094051280e-07
4.480000000000270224e-03	3.880416894678335137e-07
4.520000000000275533e-03	4.511480205586609814e-07
4.560000000000280843e-03	4.767934096179318709e-07
4.600000000000286152e-03	4.975425911956402809e-07
4.640000000000291461e-03	4.814217151038764741e-07
4.680000000000296770e-03	4.603791057938479401e-07
4.720000000000302079e-03	4.333017981935925627e-07
4.760000000000307388e-03	4.181511439956309937e-07
4.800000000000312697e-03	4.386038312491437270e-07
4.840000000000318006e-03	4.724954113165265828e-07
4.880000000000323315e-03	4.922189478714695714e-07
4.920000000000328624e-03	4.894785967677564888e-07
4.960000000000333933e-03	4.979120691073819442e-07
5.000000000000339243e-03	4.978917443793322112e-07
5.040000000000344552e-03	5.052792429224128829e-07
5.080000000000349861e-03	5.239720447887094374e-07
5.120000000000355170e-03	5.375030341357891586e-07
5.160000000000360479e-03	5.206247018663429349e-07
5.200000000000365788e-03	4.999402560558772722e-07
5.240000000000371097e-03	4.779701158156347376e-07
5.280000000000376406e-03	4.654652318188381422e-07
5.320000000000381715e-03	4.645583211217577267e-07
5.360000000000387024e-03	4.648011896583880209e-07
5.400000000000392333e-03	4.533391102420450736e-07
5.440000000000397642e-03	3.787183315270098971e-07
5.480000000000402952e-03	2.849554981284340238e-07
5.520000000000408261e-03	1.788628221981298153e-07
5.560000000000413570e-03	6.195696473438032338e-08
5.600000000000418879e-03	-2.765097537740542526e-08
5.640000000000424188e-03	-9.906398767373527243e-08
5.680000000000429497e-03	-1.178881326291867329e-07
5.720000000000434806e-03	-1.458305604410832978e-07
5.760000000000440115e-03	-1.508086444222709808e-07
5.800000000000445424e-03	-1.559250965168985398e-07
5.840000000000450733e-03	-1.624405769890615681e-07
5.880000000000456042e-03	-1.688938256077278794e-07
5.920000000000461352e-03	-1.889706443163946893e-07
5.960000000000466661e-03	-2.158895521952548312e-07
6.000000000000471970e-03	-2.321363726658013620e-07
6.040000000000477279e-03	-2.448062273758750573e-07
6.080000000000482588e-03	-2.429625353813537515e-07
6.120000000000487897e-03	-2.355983499370626616e-07
6.160000000000493206e-03	-2.029471076076982179e-07
6.200000000000498515e-03	-1.783669073107009016e-07
6.240000000000503824e-03	-1.459242987417662594e-07
6.280000000000509133e-03	-1.455254662238000252e-07
6.320000000000514442e-03	-1.658279271401951967e-07
6.360000000000519751e-03	-1.962008364045591997e-07
6.400000000000525061e-03	-2.318754744940132811e-07
6.440000000000530370e-03	-2.701566973787705961e-07
6.480000000000535679e-03	-2.810465544748500968e-07
6.520000000000540988e-03	-2.809698808009379921e-07
6.560000000000546297e-03	-2.562224808679464526e-07
6.600000000000551606e-03	-2.434896831228026052e-07
6.640000000000556915e-03	-2.143201241668478907e-07
6.680000000000562224e-03	-1.820808195206669237e-07
6.720000000000567533e-03	-1.511999193882707987e-07
6.760000000000572842e-03	-1.224761619743756615e-07
6.800000000000578151e-03	-1.016749862735468859e-07
6.840000000000583461e-03	-8.923642354302847315e-08
6.880000000000588770e-03	-1.019626481868232592e-07
6.920000000000594079e-03	-1.008824451993429069e-07
6.960000000000599388e-03	-1.129024161943297673e-07
7.000000000000604697e-03	-1.212816898842474428e-07
