0.000000000000000000e+00	-3.443081205606301167e-30
3.999999999999998294e-05	-2.753548982027700462e-08
7.999999999999987102e-05	-2.052932574976234767e-06
1.199999999999997591e-04	-6.327394331569805472e-06
1.599999999999996607e-04	-1.365772610337863563e-05
1.999999999999995488e-04	-2.259479342081299527e-05
2.399999999999994369e-04	-3.067521652732292046e-05
2.800000000000003007e-04	-3.499547910180519808e-05
3.200000000000012730e-04	-3.337793916559056819e-05
3.600000000000022453e-04	-2.620536264687512573e-05
4.000000000000032176e-04	-1.554825467588903803e-05
4.400000000000041898e-04	-4.850439171324715241e-06
4.800000000000051621e-04	3.159623618969243828e-06
5.200000000000061344e-04	7.455846383029785971e-06
5.600000000000071067e-04	8.548569535787488977e-06
6.000000000000080790e-04	8.085110773351791318e-06
6.400000000000090512e-04	7.385576550238636202e-06
6.800000000000100235e-04	7.877947848751182196e-06
7.200000000000109958e-04	8.396520041488679729e-06
7.600000000000119681e-04	9.315312905623754323e-06
8.000000000000129403e-04	9.769678463920233687e-06
8.400000000000139126e-04	9.962903041973640930e-06
8.800000000000148849e-04	9.820910638627714212e-06
9.200000000000158572e-04	9.294508965668291130e-06
9.600000000000168295e-04	8.801330138155249885e-06
1.000000000000015200e-03	8.204025696380298915e-06
1.040000000000011835e-03	7.874100703227418429e-06
1.080000000000008471e-03	7.740948262101989355e-06
1.120000000000005106e-03	7.768544337608971408e-06
1.160000000000001742e-03	7.882669141608421765e-06
1.199999999999998377e-03	7.909984094381303503e-06
1.239999999999995012e-03	7.732578367705587199e-06
1.279999999999991648e-03	7.242460350667949074e-06
1.319999999999988283e-03	6.635654786537151814e-06
1.359999999999984919e-03	5.804573138150643166e-06
1.399999999999981554e-03	5.024295363968869874e-06
1.439999999999978190e-03	4.265445486492767240e-06
1.479999999999974825e-03	3.505814676145481978e-06
1.519999999999971461e-03	2.927733187065704073e-06
1.559999999999968096e-03	2.456507052816655241e-06
1.599999999999964732e-03	2.126085760376850332e-06
1.639999999999961367e-03	1.917866542912294569e-06
1.679999999999958003e-03	1.770800526081685373e-06
1.719999999999954638e-03	1.604864642477887667e-06
1.759999999999951274e-03	1.299591493522616968e-06
1.799999999999947909e-03	8.131305009067161492e-07
1.839999999999944544e-03	2.040257806090050682e-07
1.879999999999941180e-03	-4.312721373346186646e-07
1.919999999999937815e-03	-9.487324649515065639e-07
1.959999999999935752e-03	-1.298565693355510006e-06
1.999999999999941061e-03	-1.550387321977895380e-06
2.039999999999946370e-03	-1.667712179123269299e-06
2.079999999999951679e-03	-1.722882903539830166e-06
2.119999999999956988e-03	-1.742365926164347363e-06
2.159999999999962297e-03	-1.699777023653728586e-06
2.199999999999967606e-03	-1.572922750891479680e-06
2.239999999999972916e-03	-1.360326017211511919e-06
2.279999999999978225e-03	-1.119366410165364493e-06
2.319999999999983534e-03	-8.893356318241473628e-07
2.359999999999988843e-03	-7.213393015467281408e-07
2.399999999999994152e-03	-5.832598813812427944e-07
2.439999999999999461e-03	-5.545324472068808215e-07
2.480000000000004770e-03	-5.629926927997062637e-07
2.520000000000010079e-03	-6.368517314796243804e-07
2.560000000000015388e-03	-7.387194098882675834e-07
2.600000000000020697e-03	-8.209357658259435021e-07
2.640000000000026006e-03	-9.077973804129259558e-07
2.680000000000031316e-03	-9.110000686912563620e-07
2.720000000000036625e-03	-8.346502839592279605e-07
2.760000000000041934e-03	-7.233744784546184544e-07
2.800000000000047243e-03	-6.081168452590200932e-07
2.840000000000052552e-03	-5.289377927996438969e-07
2.880000000000057861e-03	-4.448232328920319498e-07
2.920000000000063170e-03	-3.896927157100115965e-07
2.960000000000068479e-03	-3.123078091642305449e-07
3.000000000000073788e-03	-2.593879957193163415e-07
3.040000000000079097e-03	-1.850482665310131495e-07
3.080000000000084406e-03	-1.101973435809828805e-07
3.120000000000089715e-03	-2.921370127542848921e-08
3.160000000000095025e-03	3.985783346505309828e-08
3.200000000000100334e-03	1.255545608564040768e-07
3.240000000000105643e-03	1.539463350941961437e-07
3.280000000000110952e-03	1.643237369013545778e-07
3.320000000000116261e-03	6.631093470642769102e-08
3.360000000000121570e-03	-6.438379751308489481e-08
3.400000000000126879e-03	-2.193477820761053708e-07
3.440000000000132188e-03	-4.028310282873862995e-07
3.480000000000137497e-03	-5.417351650900071136e-07
3.520000000000142806e-03	-6.499879491112366385e-07
3.560000000000148115e-03	-6.502622005953152303e-07
3.600000000000153424e-03	-6.170787331123641355e-07
3.640000000000158734e-03	-5.238821589703908516e-07
3.680000000000164043e-03	-4.070647851653548472e-07
3.720000000000169352e-03	-3.489471242431085220e-07
3.760000000000174661e-03	-3.161911423956956644e-07
3.800000000000179970e-03	-3.380880770480678403e-07
3.840000000000185279e-03	-3.372476805419337251e-07
3.880000000000190588e-03	-3.355409952130224948e-07
3.920000000000195897e-03	-2.427235124565877899e-07
3.960000000000201206e-03	-1.361645881388452864e-07
4.000000000000206515e-03	-1.983105826423455104e-08
4.040000000000211824e-03	1.043070778007453068e-07
4.080000000000217134e-03	1.666559955470437239e-07
4.120000000000222443e-03	2.585863372171326494e-07
4.160000000000227752e-03	3.278683903843069149e-07
4.200000000000233061e-03	4.520025054351696406e-07
4.240000000000238370e-03	5.750685826274152688e-07
4.280000000000243679e-03	6.840901090499312736e-07
4.320000000000248988e-03	7.875431849739090916e-07
4.360000000000254297e-03	8.652966544372963610e-07
4.400000000000259606e-03	9.228485454704197563e-07
4.440000000000264915e-03	9.578243846304693911e-07
4.480000000000270224e-03	9.717121419475893584e-07
4.520000000000275533e-03	9.092020908831004305e-07
4.560000000000280843e-03	7.899660814520347467e-07
4.600000000000286152e-03	5.966094506530703533e-07
4.640000000000291461e-03	3.607968852029190024e-07
4.680000000000296770e-03	1.188303231721845065e-07
4.720000000000302079e-03	-7.180968422545931005e-08
4.760000000000307388e-03	-2.002992676080608933e-07
4.800000000000312697e-03	-2.796220198475330443e-07
4.840000000000318006e-03	-3.241121876662726231e-07
4.880000000000323315e-03	-3.303665442215491136e-07
4.920000000000328624e-03	-3.015333309994461866e-07
4.960000000000333933e-03	-2.668060502797954798e-07
5.000000000000339243e-03	-1.830563137169112615e-07
5.040000000000344552e-03	-8.720593645535380798e-08
5.080000000000349861e-03	8.639808738380087063e-09
5.120000000000355170e-03	8.634606077110653216e-08
5.160000000000360479e-03	1.290309055730522908e-07
5.200000000000365788e-03	1.757171673751731085e-07
5.240000000000371097e-03	2.130394381330817734e-07
5.280000000000376406e-03	2.510568849184674697e-07
5.320000000000381715e-03	2.759813019239642066e-07
5.360000000000387024e-03	2.906366539077293123e-07
5.400000000000392333e-03	2.763792972361892427e-07
5.440000000000397642e-03	2.298758782237894869e-07
5.480000000000402952e-03	1.774278286508836520e-07
5.520000000000408261e-03	1.282288415507976085e-07
5.560000000000413570e-03	7.334959926985419470e-08
5.600000000000418879e-03	2.673324051941614661e-08
5.640000000000424188e-03	-1.876036918314753419e-08
5.680000000000429497e-03	-8.569041238775137497e-08
5.720000000000434806e-03	-1.515268195502769752e-07
5.760000000000440115e-03	-2.064639277038211312e-07
5.800000000000445424e-03	-2.290089197028983337e-07
5.840000000000450733e-03	-2.371284470125497041e-07
5.880000000000456042e-03	-2.071006619453235344e-07
5.920000000000461352e-03	-1.810603293344251350e-07
5.960000000000466661e-03	-1.755867320098646283e-07
6.000000000000471970e-03	-1.787898436823170289e-07
6.040000000000477279e-03	-1.826244144362203012e-07
6.080000000000482588e-03	-1.771838931070967176e-07
6.120000000000487897e-03	-1.721264335358429136e-07
6.160000000000493206e-03	-1.429869702844148492e-07
6.200000000000498515e-03	-1.270796528138918885e-07
6.240000000000503824e-03	-1.149178585420123048e-07
6.280000000000509133e-03	-9.813974978780698089e-08
6.320000000000514442e-03	-8.584453546891280019e-08
6.360000000000519751e-03	-4.540894323336280958e-08
6.400000000000525061e-03	-1.049722365181338235e-08
6.440000000000530370e-03	3.238249967463800105e-08
6.480000000000535679e-03	5.290854256815331872e-08
6.520000000000540988e-03	3.788192374722381909e-08
6.560000000000546297e-03	2.496809464215581667e-08
6.600000000000551606e-03	7.934088496937014905e-09
6.640000000000556915e-03	8.460600385495782159e-09
6.680000000000562224e-03	1.591399838574996660e-08
6.720000000000567533e-03	3.949850992379860442e-08
6.760000000000572842e-03	6.001602240455026768e-08
6.800000000000578151e-03	8.250013348688910667e-08
6.840000000000583461e-03	9.645368036373324742e-08
6.880000000000588770e-03	1.048145257961802125e-07
6.920000000000594079e-03	1.282446327901211573e-07
6.960000000000599388e-03	1.398028452783519322e-07
7.000000000000604697e-03	1.443706559233278869e-07
