0.000000000000000000e+00	-5.136304232157846975e-30
3.999999999999998294e-05	-2.996470905906963643e-08
7.999999999999987102e-05	-2.037132875544027535e-06
1.199999999999997591e-04	-6.295849830375618935e-06
1.599999999999996607e-04	-1.363049150946246198e-05
1.999999999999995488e-04	-2.255509703547700469e-05
2.399999999999994369e-04	-3.065607914131651240e-05
2.800000000000003007e-04	-3.500948613217250426e-05
3.200000000000012730e-04	-3.358406923252285419e-05
3.600000000000022453e-04	-2.664088506480607403e-05
4.000000000000032176e-04	-1.623093921490342676e-05
4.400000000000041898e-04	-5.542433819874610265e-06
4.800000000000051621e-04	2.718668444423498896e-06
5.200000000000061344e-04	7.582659975161948061e-06
5.600000000000071067e-04	9.290974495929095174e-06
6.000000000000080790e-04	9.245302717520460908e-06
6.400000000000090512e-04	8.650464664273394444e-06
6.800000000000100235e-04	8.802146125037269768e-06
7.200000000000109958e-04	8.853184015090598150e-06
7.600000000000119681e-04	9.273398570911979745e-06
8.000000000000129403e-04	9.486990320095710919e-06
8.400000000000139126e-04	9.753675496007577073e-06
8.800000000000148849e-04	9.869855077219465953e-06
9.200000000000158572e-04	9.901332762737113073e-06
9.600000000000168295e-04	9.906860968043984558e-06
1.000000000000015200e-03	9.909477745238234585e-06
1.040000000000011835e-03	9.974954328862604508e-06
1.080000000000008471e-03	9.942471192218620680e-06
1.120000000000005106e-03	9.648540818320712589e-06
1.160000000000001742e-03	8.999269979694356965e-06
1.199999999999998377e-03	7.950798587364705521e-06
1.239999999999995012e-03	6.785016158099320334e-06
1.279999999999991648e-03	5.664259128619778341e-06
1.319999999999988283e-03	4.682384229159297799e-06
1.359999999999984919e-03	3.914143593393490412e-06
1.399999999999981554e-03	3.234254651478801920e-06
1.439999999999978190e-03	2.679290405834726557e-06
1.479999999999974825e-03	2.112272666182985200e-06
1.519999999999971461e-03	1.669710840957237456e-06
1.559999999999968096e-03	1.249829777325739438e-06
1.599999999999964732e-03	9.551276199081119594e-07
1.639999999999961367e-03	6.593112318456670646e-07
1.679999999999958003e-03	3.505799417055622499e-07
1.719999999999954638e-03	8.229613814492046392e-09
1.759999999999951274e-03	-2.703774127952623981e-07
1.799999999999947909e-03	-3.839690008933047577e-07
1.839999999999944544e-03	-2.915949258955337402e-07
1.879999999999941180e-03	-6.845117347501978344e-08
1.919999999999937815e-03	2.726953532641459319e-07
1.959999999999935752e-03	5.595696238251748745e-07
1.999999999999941061e-03	7.404117205329719666e-07
2.039999999999946370e-03	8.042831407972304883e-07
2.079999999999951679e-03	7.055770090620598792e-07
2.119999999999956988e-03	4.625349858406835659e-07
2.159999999999962297e-03	2.372761053406757484e-08
2.199999999999967606e-03	-5.896072967650139349e-07
2.239999999999972916e-03	-1.322725559867207284e-06
2.279999999999978225e-03	-2.047616512128094954e-06
2.319999999999983534e-03	-2.558464454751941387e-06
2.359999999999988843e-03	-2.781249021177580029e-06
2.399999999999994152e-03	-2.719788527607946656e-06
2.439999999999999461e-03	-2.435645393445358323e-06
2.480000000000004770e-03	-2.012416315146540925e-06
2.520000000000010079e-03	-1.573130866745522583e-06
2.560000000000015388e-03	-1.132901591995395785e-06
2.600000000000020697e-03	-7.041401715294941546e-07
2.640000000000026006e-03	-3.141988502659233519e-07
2.680000000000031316e-03	2.951829346188984624e-08
2.720000000000036625e-03	2.951000576444461553e-07
2.760000000000041934e-03	4.216802927091147564e-07
2.800000000000047243e-03	4.237533409936952846e-07
2.840000000000052552e-03	3.652826148158201590e-07
2.880000000000057861e-03	2.888963914938557676e-07
2.920000000000063170e-03	1.975112622878598309e-07
2.960000000000068479e-03	1.205093135772846457e-07
3.000000000000073788e-03	7.935311085943315680e-09
3.040000000000079097e-03	-1.417968123953603726e-07
3.080000000000084406e-03	-2.841677596292182196e-07
3.120000000000089715e-03	-3.946367921229605984e-07
3.160000000000095025e-03	-4.297820785924668780e-07
3.200000000000100334e-03	-4.495828303104059986e-07
3.240000000000105643e-03	-4.267215088051677778e-07
3.280000000000110952e-03	-4.500116050012341697e-07
3.320000000000116261e-03	-5.137997193949044367e-07
3.360000000000121570e-03	-6.038499717184675847e-07
3.400000000000126879e-03	-6.794677082054412565e-07
3.440000000000132188e-03	-7.335228620606736836e-07
3.480000000000137497e-03	-7.240269339492555805e-07
3.520000000000142806e-03	-6.744459052181699876e-07
3.560000000000148115e-03	-6.123958417477593149e-07
3.600000000000153424e-03	-5.264694559448360403e-07
3.640000000000158734e-03	-4.248151242805310743e-07
3.680000000000164043e-03	-3.274512098878096185e-07
3.720000000000169352e-03	-2.145425150145958121e-07
3.760000000000174661e-03	-1.172390582399751480e-07
3.800000000000179970e-03	-1.112436822483628852e-09
3.840000000000185279e-03	9.952029636544797988e-08
3.880000000000190588e-03	1.825933422293893028e-07
3.920000000000195897e-03	2.570978316578399455e-07
3.960000000000201206e-03	3.283416163814402439e-07
4.000000000000206515e-03	3.812506418881284962e-07
4.040000000000211824e-03	4.759961796203714142e-07
4.080000000000217134e-03	5.694099464766398165e-07
4.120000000000222443e-03	6.965120476121225425e-07
4.160000000000227752e-03	8.243918269517578694e-07
4.200000000000233061e-03	9.274974109159446249e-07
4.240000000000238370e-03	9.789058480892212581e-07
4.280000000000243679e-03	1.001854625885660545e-06
4.320000000000248988e-03	9.418687327999608999e-07
4.360000000000254297e-03	8.802773222396871019e-07
4.400000000000259606e-03	7.709299416716557083e-07
4.440000000000264915e-03	6.641319816654003815e-07
4.480000000000270224e-03	5.437211478633875977e-07
4.520000000000275533e-03	4.382662870819609699e-07
4.560000000000280843e-03	3.361783241148653887e-07
4.600000000000286152e-03	2.234417355851082195e-07
4.640000000000291461e-03	1.169803016613730919e-07
4.680000000000296770e-03	3.033991895522858103e-08
4.720000000000302079e-03	-4.870694905973525254e-08
4.760000000000307388e-03	-1.295333579244646731e-07
4.800000000000312697e-03	-1.764269774844110401e-07
4.840000000000318006e-03	-2.279235159441434591e-07
4.880000000000323315e-03	-2.899425467315998119e-07
4.920000000000328624e-03	-3.613440472179274372e-07
4.960000000000333933e-03	-4.433687027119771260e-07
5.000000000000339243e-03	-5.033142334315478029e-07
5.040000000000344552e-03	-5.356676428857653827e-07
5.080000000000349861e-03	-4.978512908136200870e-07
5.120000000000355170e-03	-4.051242645126946699e-07
5.160000000000360479e-03	-2.897865049076251581e-07
5.200000000000365788e-03	-1.503159192305554379e-07
5.240000000000371097e-03	-3.494482083695757813e-08
5.280000000000376406e-03	6.571528390194496565e-08
5.320000000000381715e-03	1.192982130360258918e-07
5.360000000000387024e-03	1.522782759900179061e-07
5.400000000000392333e-03	1.443823086387970251e-07
5.440000000000397642e-03	1.112029353433206340e-07
5.480000000000402952e-03	5.293315711802664488e-08
5.520000000000408261e-03	-1.015035568579252030e-08
5.560000000000413570e-03	-7.307116268498962680e-08
5.600000000000418879e-03	-1.235346487909294762e-07
5.640000000000424188e-03	-1.548062358991633473e-07
5.680000000000429497e-03	-1.610992657621541982e-07
5.720000000000434806e-03	-1.561042455941259770e-07
5.760000000000440115e-03	-1.483109615470052229e-07
5.800000000000445424e-03	-1.225115071044910337e-07
5.840000000000450733e-03	-7.936140987608576018e-08
5.880000000000456042e-03	-4.632251409759674542e-08
5.920000000000461352e-03	-1.665525861987953137e-08
5.960000000000466661e-03	2.244886390069011282e-08
6.000000000000471970e-03	6.120343755875229073e-08
6.040000000000477279e-03	9.275263396479951359e-08
6.080000000000482588e-03	1.401631837249533555e-07
6.120000000000487897e-03	1.790557022669928745e-07
6.160000000000493206e-03	2.178171916422241680e-07
6.200000000000498515e-03	2.156225551251610806e-07
6.240000000000503824e-03	2.019454180687497537e-07
6.280000000000509133e-03	1.841366226559477224e-07
6.320000000000514442e-03	1.576357067832451609e-07
6.360000000000519751e-03	1.476817347209763656e-07
6.400000000000525061e-03	1.525686412040320151e-07
6.440000000000530370e-03	1.577481399199543499e-07
6.480000000000535679e-03	1.629713097457817454e-07
6.520000000000540988e-03	1.640011306423671380e-07
6.560000000000546297e-03	1.599533364629666668e-07
6.600000000000551606e-03	1.572609046835296384e-07
6.640000000000556915e-03	1.521674642934534836e-07
6.680000000000562224e-03	1.484485964781521352e-07
6.720000000000567533e-03	1.297931425337175398e-07
6.760000000000572842e-03	9.196176253064258014e-08
6.800000000000578151e-03	3.789407313912453474e-08
6.840000000000583461e-03	1.240403312678034992e-08
6.880000000000588770e-03	-2.995453859963464529e-08
6.920000000000594079e-03	-6.321859588857723170e-08
6.960000000000599388e-03	-8.021418973618397240e-08
7.000000000000604697e-03	-1.066282997748905089e-07
