0.000000000000000000e+00	-9.258796311856606426e-31
3.999999999999998294e-05	-2.629096100692956772e-08
7.999999999999987102e-05	-2.203130842606841924e-06
1.199999999999997591e-04	-7.674118100230453043e-06
1.599999999999996607e-04	-1.728743772332564648e-05
1.999999999999995488e-04	-3.019966938596341707e-05
2.399999999999994369e-04	-4.265169989431674637e-05
2.800000000000003007e-04	-5.060373691295530892e-05
3.200000000000012730e-04	-5.038542085221270464e-05
3.600000000000022453e-04	-4.119280232663998919e-05
4.000000000000032176e-04	-2.542033785539487252e-05
4.400000000000041898e-04	-7.684424474452025182e-06
4.800000000000051621e-04	7.539667288283140163e-06
5.200000000000061344e-04	1.743118706226172380e-05
5.600000000000071067e-04	2.184023566711432702e-05
6.000000000000080790e-04	2.236875600362719295e-05
6.400000000000090512e-04	2.106579614111462839e-05
6.800000000000100235e-04	2.004187162604298576e-05
7.200000000000109958e-04	1.901614264001509033e-05
7.600000000000119681e-04	1.815851695947361602e-05
8.000000000000129403e-04	1.730432688436549490e-05
8.400000000000139126e-04	1.621747764237101584e-05
8.800000000000148849e-04	1.522146286073814118e-05
9.200000000000158572e-04	1.418545731348900696e-05
9.600000000000168295e-04	1.310346923366635709e-05
1.000000000000015200e-03	1.197652324405930549e-05
1.040000000000011835e-03	1.076108237808492141e-05
1.080000000000008471e-03	9.509385206276405354e-06
1.120000000000005106e-03	8.329369742925764623e-06
1.160000000000001742e-03	7.084904239256428582e-06
1.199999999999998377e-03	5.948739532698980210e-06
1.239999999999995012e-03	4.807194561239462537e-06
1.279999999999991648e-03	3.631255011721736691e-06
1.319999999999988283e-03	2.470454271873329645e-06
1.359999999999984919e-03	1.403397288887088807e-06
1.399999999999981554e-03	5.598517981658706351e-07
1.439999999999978190e-03	9.580428982312220467e-08
1.479999999999974825e-03	-8.411311802936263344e-08
1.519999999999971461e-03	-9.384640467221015299e-08
1.559999999999968096e-03	-1.073695476871727888e-07
1.599999999999964732e-03	-2.855761611190261193e-07
1.639999999999961367e-03	-6.033192295020278394e-07
1.679999999999958003e-03	-9.848855840452528364e-07
1.719999999999954638e-03	-1.292589150401879172e-06
1.759999999999951274e-03	-1.414583768385161090e-06
1.799999999999947909e-03	-1.425739550818133734e-06
1.839999999999944544e-03	-1.346147189837869203e-06
1.879999999999941180e-03	-1.264595005817209255e-06
1.919999999999937815e-03	-1.222199402953005319e-06
1.959999999999935752e-03	-1.103610506331426737e-06
1.999999999999941061e-03	-9.185614210864298729e-07
2.039999999999946370e-03	-6.643089100033030719e-07
2.079999999999951679e-03	-3.410309528756461333e-07
2.119999999999956988e-03	-1.169401086803488623e-07
2.159999999999962297e-03	-4.833279525666888081e-08
2.199999999999967606e-03	-1.474684173652337095e-07
2.239999999999972916e-03	-3.636471108176526590e-07
2.279999999999978225e-03	-5.802884125102542093e-07
2.319999999999983534e-03	-6.909508377286730054e-07
2.359999999999988843e-03	-6.970508011124105948e-07
2.399999999999994152e-03	-6.054005219986569720e-07
2.439999999999999461e-03	-5.156151603885341450e-07
2.480000000000004770e-03	-4.758625952799684410e-07
2.520000000000010079e-03	-4.605425566280459997e-07
2.560000000000015388e-03	-4.659414711664929990e-07
2.600000000000020697e-03	-4.206768510087742995e-07
2.640000000000026006e-03	-3.173457618612306437e-07
2.680000000000031316e-03	-2.029592897767849850e-07
2.720000000000036625e-03	-8.163705662322669549e-08
2.760000000000041934e-03	-5.003037430693323982e-08
2.800000000000047243e-03	-1.223946188255528493e-07
2.840000000000052552e-03	-2.496281697635689358e-07
2.880000000000057861e-03	-4.148848562185832109e-07
2.920000000000063170e-03	-5.901288206734591794e-07
2.960000000000068479e-03	-7.411914726953732608e-07
3.000000000000073788e-03	-8.823282962361592969e-07
3.040000000000079097e-03	-9.890125076887133061e-07
3.080000000000084406e-03	-1.056856357187916981e-06
3.120000000000089715e-03	-1.058541899411746482e-06
3.160000000000095025e-03	-9.610284442974494272e-07
3.200000000000100334e-03	-7.910626340105759641e-07
3.240000000000105643e-03	-5.589733358680941133e-07
3.280000000000110952e-03	-2.915000764511628290e-07
3.320000000000116261e-03	-7.530346089996507881e-08
3.360000000000121570e-03	9.434516162440937261e-08
3.400000000000126879e-03	1.943904826069631739e-07
3.440000000000132188e-03	2.377298758633576231e-07
3.480000000000137497e-03	2.759747207316527906e-07
3.520000000000142806e-03	3.068462874332474022e-07
3.560000000000148115e-03	3.734827136687103578e-07
3.600000000000153424e-03	4.506529167494356589e-07
3.640000000000158734e-03	4.952155347968297901e-07
3.680000000000164043e-03	5.420224329680563927e-07
3.720000000000169352e-03	5.629756670503277144e-07
3.760000000000174661e-03	5.708069426198917305e-07
3.800000000000179970e-03	6.010086663979374928e-07
3.840000000000185279e-03	6.290743287610055125e-07
3.880000000000190588e-03	6.349795803422828350e-07
3.920000000000195897e-03	6.355792967058836597e-07
3.960000000000201206e-03	6.255466080673515771e-07
4.000000000000206515e-03	5.848966230899559928e-07
4.040000000000211824e-03	5.334261316914998843e-07
4.080000000000217134e-03	4.786866862450007357e-07
4.120000000000222443e-03	4.279996584329703121e-07
4.160000000000227752e-03	3.509380533479716921e-07
4.200000000000233061e-03	2.458854402817836309e-07
4.240000000000238370e-03	1.662257642072236061e-07
4.280000000000243679e-03	1.174923579792125732e-07
4.320000000000248988e-03	1.050789331781389492e-07
4.360000000000254297e-03	1.587417895965362759e-07
4.400000000000259606e-03	2.178320141069008908e-07
4.440000000000264915e-03	2.638445368825163772e-07
4.480000000000270224e-03	2.597507866869053645e-07
4.520000000000275533e-03	2.031167679702386342e-07
4.560000000000280843e-03	7.097229949231879722e-08
4.600000000000286152e-03	-7.772190236031073077e-08
4.640000000000291461e-03	-2.256063442395815411e-07
4.680000000000296770e-03	-3.262291211278251247e-07
4.720000000000302079e-03	-4.010358593320816062e-07
4.760000000000307388e-03	-4.136559493752079434e-07
4.800000000000312697e-03	-3.749159201681043239e-07
4.840000000000318006e-03	-2.979319575672982784e-07
4.880000000000323315e-03	-1.953736793750504262e-07
4.920000000000328624e-03	-9.604756075235558105e-08
4.960000000000333933e-03	-2.959724289978193197e-08
5.000000000000339243e-03	6.787952392071914566e-09
5.040000000000344552e-03	-6.854757215122314490e-09
5.080000000000349861e-03	-3.783092724128926261e-08
5.120000000000355170e-03	-7.208434071190632513e-08
5.160000000000360479e-03	-1.031792117342150389e-07
5.200000000000365788e-03	-1.222635364591214240e-07
5.240000000000371097e-03	-1.347755258128162964e-07
5.280000000000376406e-03	-1.399196020581996177e-07
5.320000000000381715e-03	-1.154569516115132728e-07
5.360000000000387024e-03	-7.876256234098669317e-08
5.400000000000392333e-03	-2.120173512333695972e-09
5.440000000000397642e-03	7.746967488058433275e-08
5.480000000000402952e-03	1.461641028665494174e-07
5.520000000000408261e-03	1.934527560165222977e-07
5.560000000000413570e-03	2.110534914782026528e-07
5.600000000000418879e-03	2.023298351538545844e-07
5.640000000000424188e-03	1.712462242228507310e-07
5.680000000000429497e-03	1.309214377527666855e-07
5.720000000000434806e-03	6.491628821947945455e-08
5.760000000000440115e-03	-1.680297130241001794e-08
5.800000000000445424e-03	-1.135633384368126321e-07
5.840000000000450733e-03	-1.941140783213381004e-07
5.880000000000456042e-03	-2.477504447824349863e-07
5.920000000000461352e-03	-2.611528095525051436e-07
5.960000000000466661e-03	-2.286207644732590497e-07
6.000000000000471970e-03	-1.757251022695660315e-07
6.040000000000477279e-03	-1.029124627839907437e-07
6.080000000000482588e-03	-3.980958403227655792e-08
6.120000000000487897e-03	1.507675999668269426e-08
6.160000000000493206e-03	5.696563500665680693e-08
6.200000000000498515e-03	9.736292454982847383e-08
6.240000000000503824e-03	1.287171636801322877e-07
6.280000000000509133e-03	1.528360030630982277e-07
6.320000000000514442e-03	1.724481661307278921e-07
6.360000000000519751e-03	1.672967101424097165e-07
6.400000000000525061e-03	1.470836653323198486e-07
6.440000000000530370e-03	9.452234405309992117e-08
6.480000000000535679e-03	2.817410363340053203e-08
6.520000000000540988e-03	-3.376581641275249836e-08
6.560000000000546297e-03	-1.018412174673997004e-07
6.600000000000551606e-03	-1.533989446112354568e-07
6.640000000000556915e-03	-1.944928617912915010e-07
6.680000000000562224e-03	-2.037327680574039993e-07
6.720000000000567533e-03	-1.817843852263868949e-07
6.760000000000572842e-03	-1.420943752308580477e-07
6.800000000000578151e-03	-7.173810489530206964e-08
6.840000000000583461e-03	-2.504297314176101494e-09
6.880000000000588770e-03	6.614556924997992401e-08
6.920000000000594079e-03	1.096292978525421163e-07
6.960000000000599388e-03	1.454681121270261152e-07
7.000000000000604697e-03	1.519437672320602160e-07
