0.000000000000000000e+00	-3.435815650286906449e-31
3.999999999999998294e-05	-2.569748096578411358e-08
7.999999999999987102e-05	-2.040624311401904202e-06
1.199999999999997591e-04	-6.314948816019836172e-06
1.599999999999996607e-04	-1.363672249707340557e-05
1.999999999999995488e-04	-2.268779823867146973e-05
2.399999999999994369e-04	-3.098565529139567893e-05
2.800000000000003007e-04	-3.572386490860995228e-05
3.200000000000012730e-04	-3.470556944122283385e-05
3.600000000000022453e-04	-2.827409696154817976e-05
4.000000000000032176e-04	-1.802267255634197962e-05
4.400000000000041898e-04	-7.338156501410764359e-06
4.800000000000051621e-04	1.424012544570048324e-06
5.200000000000061344e-04	6.831449117212395752e-06
5.600000000000071067e-04	9.210862484348890380e-06
6.000000000000080790e-04	9.789215040744555241e-06
6.400000000000090512e-04	9.655047287634054137e-06
6.800000000000100235e-04	1.025686919476368475e-05
7.200000000000109958e-04	1.063476626227885513e-05
7.600000000000119681e-04	1.145889939333198558e-05
8.000000000000129403e-04	1.211923065655761553e-05
8.400000000000139126e-04	1.272723316606887576e-05
8.800000000000148849e-04	1.305399117494363985e-05
9.200000000000158572e-04	1.298247260734476279e-05
9.600000000000168295e-04	1.271688625235925193e-05
1.000000000000015200e-03	1.203014207583200539e-05
1.040000000000011835e-03	1.131577902082313800e-05
1.080000000000008471e-03	1.035922990159656001e-05
1.120000000000005106e-03	9.388939313887741139e-06
1.160000000000001742e-03	8.243449795534035671e-06
1.199999999999998377e-03	7.029394370501597345e-06
1.239999999999995012e-03	5.885727470255846458e-06
1.279999999999991648e-03	4.820665511031464100e-06
1.319999999999988283e-03	3.991463582704871231e-06
1.359999999999984919e-03	3.243822902516771027e-06
1.399999999999981554e-03	2.636876216143711233e-06
1.439999999999978190e-03	2.138618569748076701e-06
1.479999999999974825e-03	1.587595771717588380e-06
1.519999999999971461e-03	1.137347532864804067e-06
1.559999999999968096e-03	6.549685370199559719e-07
1.599999999999964732e-03	2.366012877491498176e-07
1.639999999999961367e-03	-2.001482028116064475e-07
1.679999999999958003e-03	-6.152191149747818622e-07
1.719999999999954638e-03	-9.961625398803853392e-07
1.759999999999951274e-03	-1.358718481814950332e-06
1.799999999999947909e-03	-1.621071535459174237e-06
1.839999999999944544e-03	-1.800246136132046086e-06
1.879999999999941180e-03	-1.855868966618980512e-06
1.919999999999937815e-03	-1.856580630294552506e-06
1.959999999999935752e-03	-1.755508499022891260e-06
1.999999999999941061e-03	-1.618546421791027537e-06
2.039999999999946370e-03	-1.412477772728910044e-06
2.079999999999951679e-03	-1.157628937904469595e-06
2.119999999999956988e-03	-9.083424065871912297e-07
2.159999999999962297e-03	-6.983290491165688578e-07
2.199999999999967606e-03	-5.399235452395959499e-07
2.239999999999972916e-03	-4.622314617475492284e-07
2.279999999999978225e-03	-4.035366382706799192e-07
2.319999999999983534e-03	-3.252417452803397381e-07
2.359999999999988843e-03	-2.278938237527976025e-07
2.399999999999994152e-03	-8.748763005331626733e-08
2.439999999999999461e-03	9.144232427359071872e-08
2.480000000000004770e-03	2.364585050240073136e-07
2.520000000000010079e-03	3.458771626849706094e-07
2.560000000000015388e-03	4.109599129180541390e-07
2.600000000000020697e-03	4.161933575312264252e-07
2.640000000000026006e-03	3.447225059627636546e-07
2.680000000000031316e-03	1.791200551667823949e-07
2.720000000000036625e-03	-6.386688997177403995e-08
2.760000000000041934e-03	-3.676769035879945055e-07
2.800000000000047243e-03	-6.984807052423611747e-07
2.840000000000052552e-03	-9.436766217649898275e-07
2.880000000000057861e-03	-1.123068833437707253e-06
2.920000000000063170e-03	-1.241861842374545677e-06
2.960000000000068479e-03	-1.262679964215156695e-06
3.000000000000073788e-03	-1.219064026484747061e-06
3.040000000000079097e-03	-1.135300973340072072e-06
3.080000000000084406e-03	-1.013642261273188466e-06
3.120000000000089715e-03	-8.633014674132263822e-07
3.160000000000095025e-03	-7.377647705032119526e-07
3.200000000000100334e-03	-6.723489240203558128e-07
3.240000000000105643e-03	-6.472497546497828859e-07
3.280000000000110952e-03	-6.716693253188445543e-07
3.320000000000116261e-03	-6.937062900974784288e-07
3.360000000000121570e-03	-6.453925057204160455e-07
3.400000000000126879e-03	-5.265218202840238224e-07
3.440000000000132188e-03	-3.521179027898071023e-07
3.480000000000137497e-03	-1.595850355361599216e-07
3.520000000000142806e-03	4.862177489285034008e-08
3.560000000000148115e-03	2.269339646875746150e-07
3.600000000000153424e-03	4.025227454374921322e-07
3.640000000000158734e-03	5.608171756709701988e-07
3.680000000000164043e-03	7.154450288956374257e-07
3.720000000000169352e-03	8.335915065630305810e-07
3.760000000000174661e-03	9.018007894186122507e-07
3.800000000000179970e-03	9.292663033722474670e-07
3.840000000000185279e-03	8.819879910017737300e-07
3.880000000000190588e-03	8.137593822539229915e-07
3.920000000000195897e-03	7.323512710875532642e-07
3.960000000000201206e-03	6.323244827774349428e-07
4.000000000000206515e-03	5.553252647859416052e-07
4.040000000000211824e-03	4.954169588885937322e-07
4.080000000000217134e-03	4.875101328737270896e-07
4.120000000000222443e-03	5.100663526283737370e-07
4.160000000000227752e-03	5.555074310663763350e-07
4.200000000000233061e-03	6.029667550519130479e-07
4.240000000000238370e-03	6.135531956296788742e-07
4.280000000000243679e-03	5.650639200900606567e-07
4.320000000000248988e-03	4.815490421830403124e-07
4.360000000000254297e-03	3.720497083564294517e-07
4.400000000000259606e-03	2.816281775413352287e-07
4.440000000000264915e-03	2.172291504868636928e-07
4.480000000000270224e-03	1.815989419328655832e-07
4.520000000000275533e-03	1.698921507489726428e-07
4.560000000000280843e-03	1.762989855500062672e-07
4.600000000000286152e-03	1.903713626278944535e-07
4.640000000000291461e-03	1.800838532371535378e-07
4.680000000000296770e-03	1.636070448785589491e-07
4.720000000000302079e-03	1.024773133693298393e-07
4.760000000000307388e-03	3.107152671699177365e-08
4.800000000000312697e-03	-8.604111368531469945e-08
4.840000000000318006e-03	-2.176877897651544403e-07
4.880000000000323315e-03	-3.126002665403155329e-07
4.920000000000328624e-03	-3.935825259619262519e-07
4.960000000000333933e-03	-4.186742565486079500e-07
5.000000000000339243e-03	-4.163355947917084472e-07
5.040000000000344552e-03	-3.847718330224404462e-07
5.080000000000349861e-03	-3.640140025605783691e-07
5.120000000000355170e-03	-3.373957802042758474e-07
5.160000000000360479e-03	-3.047667720648146290e-07
5.200000000000365788e-03	-2.894517519048370036e-07
5.240000000000371097e-03	-2.579863510040380120e-07
5.280000000000376406e-03	-2.062231600059001712e-07
5.320000000000381715e-03	-1.693590368684714831e-07
5.360000000000387024e-03	-1.428648026627314941e-07
5.400000000000392333e-03	-1.157283403364524632e-07
5.440000000000397642e-03	-9.141948395103916796e-08
5.480000000000402952e-03	-7.099056518598179390e-08
5.520000000000408261e-03	-3.987943028665844275e-08
5.560000000000413570e-03	-1.993066332029610235e-08
5.600000000000418879e-03	-2.132476719305226447e-08
5.640000000000424188e-03	-2.233830065603459223e-08
5.680000000000429497e-03	-4.133200727489373149e-08
5.720000000000434806e-03	-5.890369150409099891e-08
5.760000000000440115e-03	-7.900854497006136256e-08
5.800000000000445424e-03	-8.352454224723085969e-08
5.840000000000450733e-03	-8.053016317080258195e-08
5.880000000000456042e-03	-6.590870866515129394e-08
5.920000000000461352e-03	-4.518166876492985234e-08
5.960000000000466661e-03	-2.734348891358406001e-08
6.000000000000471970e-03	-1.068193037463499814e-08
6.040000000000477279e-03	-9.922794635852065396e-09
6.080000000000482588e-03	1.857363804906609425e-09
6.120000000000487897e-03	-5.889973505504178040e-09
6.160000000000493206e-03	-9.484093863590094452e-09
6.200000000000498515e-03	2.432591904803883625e-09
6.240000000000503824e-03	1.350251355618741172e-08
6.280000000000509133e-03	4.467847686744656467e-08
6.320000000000514442e-03	7.498348119724628764e-08
6.360000000000519751e-03	1.100125071349223219e-07
6.400000000000525061e-03	1.283331057791612283e-07
6.440000000000530370e-03	1.644763823578192277e-07
6.480000000000535679e-03	1.786385629793086183e-07
6.520000000000540988e-03	1.750374181399579953e-07
6.560000000000546297e-03	1.671929698347654224e-07
6.600000000000551606e-03	1.559934208420270363e-07
6.640000000000556915e-03	1.460834056483268912e-07
6.680000000000562224e-03	1.095064614162603851e-07
6.720000000000567533e-03	8.004236512461787962e-08
6.760000000000572842e-03	6.486505077913476126e-08
6.800000000000578151e-03	5.375475080001167373e-08
6.840000000000583461e-03	4.469929829301061787e-08
6.880000000000588770e-03	3.992415261854760588e-08
6.920000000000594079e-03	3.406451609103936475e-08
6.960000000000599388e-03	3.545269645695148019e-08
7.000000000000604697e-03	3.054139815165917443e-08
