0.000000000000000000e+00	-6.494476963820594544e-31
3.999999999999998294e-05	-3.291676892393923922e-08
7.999999999999987102e-05	-2.074181975354492526e-06
1.199999999999997591e-04	-6.366983254861512776e-06
1.599999999999996607e-04	-1.372997602464756272e-05
1.999999999999995488e-04	-2.268255261373215606e-05
2.399999999999994369e-04	-3.091544848977659167e-05
2.800000000000003007e-04	-3.544485530708645565e-05
3.200000000000012730e-04	-3.405541000753767159e-05
3.600000000000022453e-04	-2.703989874221065452e-05
4.000000000000032176e-04	-1.635731473422318000e-05
4.400000000000041898e-04	-5.366125263639266794e-06
4.800000000000051621e-04	3.107032576078663602e-06
5.200000000000061344e-04	7.921118824669448204e-06
5.600000000000071067e-04	9.404663425750652163e-06
6.000000000000080790e-04	9.036204491285740922e-06
6.400000000000090512e-04	8.242197011298479909e-06
6.800000000000100235e-04	8.489771782982089742e-06
7.200000000000109958e-04	8.835311500972529061e-06
7.600000000000119681e-04	9.644225240798974839e-06
8.000000000000129403e-04	1.020394382909382108e-05
8.400000000000139126e-04	1.065451882605111813e-05
8.800000000000148849e-04	1.086426634865044232e-05
9.200000000000158572e-04	1.070377082597695537e-05
9.600000000000168295e-04	1.047941391102832833e-05
1.000000000000015200e-03	9.909174495187785773e-06
1.040000000000011835e-03	9.232784381898235160e-06
1.080000000000008471e-03	8.395325998585810928e-06
1.120000000000005106e-03	7.454162186577619270e-06
1.160000000000001742e-03	6.688843591121156697e-06
1.199999999999998377e-03	6.054342505242909696e-06
1.239999999999995012e-03	5.715406130732048596e-06
1.279999999999991648e-03	5.588751022414638048e-06
1.319999999999988283e-03	5.647857239617550713e-06
1.359999999999984919e-03	5.688012751760761573e-06
1.399999999999981554e-03	5.546419628141948750e-06
1.439999999999978190e-03	5.165273237644479972e-06
1.479999999999974825e-03	4.436911261316315890e-06
1.519999999999971461e-03	3.499271200799242745e-06
1.559999999999968096e-03	2.392851090280251253e-06
1.599999999999964732e-03	1.339783561003662197e-06
1.639999999999961367e-03	4.581807346267571652e-07
1.679999999999958003e-03	-2.178730789608377264e-07
1.719999999999954638e-03	-6.765270332657019743e-07
1.759999999999951274e-03	-1.056267070745096483e-06
1.799999999999947909e-03	-1.354111306578712834e-06
1.839999999999944544e-03	-1.553884001539362784e-06
1.879999999999941180e-03	-1.693431658791971805e-06
1.919999999999937815e-03	-1.694186523312091135e-06
1.959999999999935752e-03	-1.577703908683162076e-06
1.999999999999941061e-03	-1.372781607821582036e-06
2.039999999999946370e-03	-1.125959514201609289e-06
2.079999999999951679e-03	-9.044343415903213256e-07
2.119999999999956988e-03	-6.298151050826494936e-07
2.159999999999962297e-03	-3.662417364358326768e-07
2.199999999999967606e-03	-1.173098799105382440e-07
2.239999999999972916e-03	9.570254035610974291e-08
2.279999999999978225e-03	2.082132358746114584e-07
2.319999999999983534e-03	2.163984966977668450e-07
2.359999999999988843e-03	6.248689949462749669e-08
2.399999999999994152e-03	-1.642587697386633910e-07
2.439999999999999461e-03	-4.800973582273322239e-07
2.480000000000004770e-03	-6.941213032022437667e-07
2.520000000000010079e-03	-8.385985668810971097e-07
2.560000000000015388e-03	-8.220883556143564243e-07
2.600000000000020697e-03	-5.867547901272309609e-07
2.640000000000026006e-03	-2.914359897994858939e-07
2.680000000000031316e-03	6.842127741006180523e-08
2.720000000000036625e-03	3.117293843811968431e-07
2.760000000000041934e-03	4.253052689874768086e-07
2.800000000000047243e-03	3.682441385261218059e-07
2.840000000000052552e-03	1.652332457015693819e-07
2.880000000000057861e-03	-7.335698550948780137e-08
2.920000000000063170e-03	-3.929597721578482555e-07
2.960000000000068479e-03	-6.620521623275001904e-07
3.000000000000073788e-03	-9.069098669372017779e-07
3.040000000000079097e-03	-1.033022956992467390e-06
3.080000000000084406e-03	-1.066542414364191545e-06
3.120000000000089715e-03	-9.747032787890452757e-07
3.160000000000095025e-03	-8.045096226303831489e-07
3.200000000000100334e-03	-6.299247184144488606e-07
3.240000000000105643e-03	-5.157594732498071171e-07
3.280000000000110952e-03	-4.953190743849020352e-07
3.320000000000116261e-03	-5.668813498260463571e-07
3.360000000000121570e-03	-6.764306007026470051e-07
3.400000000000126879e-03	-7.624728231071544267e-07
3.440000000000132188e-03	-7.937285260533070136e-07
3.480000000000137497e-03	-7.410325907537945621e-07
3.520000000000142806e-03	-6.536057688665600629e-07
3.560000000000148115e-03	-5.370810002445730511e-07
3.600000000000153424e-03	-4.022374597143377993e-07
3.640000000000158734e-03	-3.045634956986529394e-07
3.680000000000164043e-03	-2.167813247493866696e-07
3.720000000000169352e-03	-1.342502137387681667e-07
3.760000000000174661e-03	-3.216642701130430858e-08
3.800000000000179970e-03	9.086946924843325322e-08
3.840000000000185279e-03	2.568250616302693096e-07
3.880000000000190588e-03	3.957695029470606526e-07
3.920000000000195897e-03	5.329419289514025062e-07
3.960000000000201206e-03	5.803180275882432466e-07
4.000000000000206515e-03	5.729416551704597313e-07
4.040000000000211824e-03	5.346243877212570094e-07
4.080000000000217134e-03	4.756721910950720672e-07
4.120000000000222443e-03	4.430320147411490815e-07
4.160000000000227752e-03	4.389147413657054658e-07
4.200000000000233061e-03	4.558335789940195094e-07
4.240000000000238370e-03	4.817741375718290614e-07
4.280000000000243679e-03	4.664284078608154109e-07
4.320000000000248988e-03	4.598949720537738940e-07
4.360000000000254297e-03	4.325416477571614541e-07
4.400000000000259606e-03	4.159939530334366793e-07
4.440000000000264915e-03	4.126276431257003605e-07
4.480000000000270224e-03	4.037185513412158434e-07
4.520000000000275533e-03	3.868674298320431776e-07
4.560000000000280843e-03	3.688936512507303011e-07
4.600000000000286152e-03	3.585433074137828062e-07
4.640000000000291461e-03	3.184921886330611862e-07
4.680000000000296770e-03	3.053674523065467384e-07
4.720000000000302079e-03	2.610061479336988490e-07
4.760000000000307388e-03	1.864589827565239595e-07
4.800000000000312697e-03	9.144418119328670106e-08
4.840000000000318006e-03	-3.793189589289062419e-08
4.880000000000323315e-03	-1.373385725957084439e-07
4.920000000000328624e-03	-2.169422128353657693e-07
4.960000000000333933e-03	-2.119351317001997299e-07
5.000000000000339243e-03	-1.899800756341075704e-07
5.040000000000344552e-03	-1.191407077167068207e-07
5.080000000000349861e-03	-4.597414942235052264e-08
5.120000000000355170e-03	3.062497018680579263e-08
5.160000000000360479e-03	8.928916865350569203e-08
5.200000000000365788e-03	1.228689075136087707e-07
5.240000000000371097e-03	1.663975606448452538e-07
5.280000000000376406e-03	1.721965692025416597e-07
5.320000000000381715e-03	1.686582518544928834e-07
5.360000000000387024e-03	1.325249967986664818e-07
5.400000000000392333e-03	9.689609230110028013e-08
5.440000000000397642e-03	6.023072385374328076e-08
5.480000000000402952e-03	4.216179646959603055e-08
5.520000000000408261e-03	3.938536532113649350e-08
5.560000000000413570e-03	1.101537444412834688e-08
5.600000000000418879e-03	-3.495769725540985355e-09
5.640000000000424188e-03	-7.249933788870683370e-08
5.680000000000429497e-03	-1.348896310316858320e-07
5.720000000000434806e-03	-2.094311100682133299e-07
5.760000000000440115e-03	-2.677028017693755285e-07
5.800000000000445424e-03	-2.720913387699823102e-07
5.840000000000450733e-03	-2.348462357043534132e-07
5.880000000000456042e-03	-1.885830781765256701e-07
5.920000000000461352e-03	-1.075054525717800692e-07
5.960000000000466661e-03	-7.913202632093890284e-08
6.000000000000471970e-03	-5.272703489714508120e-08
6.040000000000477279e-03	-6.465944569883678715e-08
6.080000000000482588e-03	-8.552484755482131822e-08
6.120000000000487897e-03	-1.142859579621796894e-07
6.160000000000493206e-03	-1.337882526848107532e-07
6.200000000000498515e-03	-1.329948378581937694e-07
6.240000000000503824e-03	-1.294816382109397695e-07
6.280000000000509133e-03	-1.272850294811314071e-07
6.320000000000514442e-03	-1.128727808233428819e-07
6.360000000000519751e-03	-8.354388224467011785e-08
6.400000000000525061e-03	-7.487935150768331302e-08
6.440000000000530370e-03	-5.392315927719405347e-08
6.480000000000535679e-03	-1.631712455377841442e-08
6.520000000000540988e-03	-2.092039027898192138e-09
6.560000000000546297e-03	3.403662825873638097e-08
6.600000000000551606e-03	6.607938264855621516e-08
6.640000000000556915e-03	9.037397142645477781e-08
6.680000000000562224e-03	1.075663814165876424e-07
6.720000000000567533e-03	9.879045651149217390e-08
6.760000000000572842e-03	9.232158248674292062e-08
6.800000000000578151e-03	6.556246144923007094e-08
6.840000000000583461e-03	4.534398920555678308e-08
6.880000000000588770e-03	2.556104345880894529e-08
6.920000000000594079e-03	1.573076612209967219e-08
6.960000000000599388e-03	1.420920540767764495e-08
7.000000000000604697e-03	1.495525933391647192e-08
