0.000000000000000000e+00	-1.904786918847629395e-30
3.999999999999998294e-05	-2.742835373091970135e-08
7.999999999999987102e-05	-2.039649828333876500e-06
1.199999999999997591e-04	-6.320761904242492390e-06
1.599999999999996607e-04	-1.365317322167332613e-05
1.999999999999995488e-04	-2.261336648592277766e-05
2.399999999999994369e-04	-3.069236824972405961e-05
2.800000000000003007e-04	-3.514686616191668456e-05
3.200000000000012730e-04	-3.377962564502199223e-05
3.600000000000022453e-04	-2.690861870751800252e-05
4.000000000000032176e-04	-1.636208930435867416e-05
4.400000000000041898e-04	-5.522517919168725949e-06
4.800000000000051621e-04	3.045885990291520925e-06
5.200000000000061344e-04	8.057128309981260986e-06
5.600000000000071067e-04	9.770504196849079658e-06
6.000000000000080790e-04	9.553467085334401007e-06
6.400000000000090512e-04	8.668556221758051935e-06
6.800000000000100235e-04	8.632425630429626696e-06
7.200000000000109958e-04	8.592184260720098869e-06
7.600000000000119681e-04	9.122696912078842401e-06
8.000000000000129403e-04	9.488976507328482474e-06
8.400000000000139126e-04	9.756841877309638494e-06
8.800000000000148849e-04	9.856783458345042405e-06
9.200000000000158572e-04	9.645679883448329256e-06
9.600000000000168295e-04	9.492225305565099870e-06
1.000000000000015200e-03	9.311596622375569064e-06
1.040000000000011835e-03	9.332334690670102847e-06
1.080000000000008471e-03	9.273514918589706384e-06
1.120000000000005106e-03	9.063671486761559111e-06
1.160000000000001742e-03	8.507571440346532431e-06
1.199999999999998377e-03	7.828130400541900142e-06
1.239999999999995012e-03	7.058351380432310655e-06
1.279999999999991648e-03	6.355279170168261813e-06
1.319999999999988283e-03	5.752419488067995296e-06
1.359999999999984919e-03	5.157805038183083465e-06
1.399999999999981554e-03	4.588849648045621731e-06
1.439999999999978190e-03	4.019798499697227326e-06
1.479999999999974825e-03	3.447985715572522507e-06
1.519999999999971461e-03	2.971321333435084004e-06
1.559999999999968096e-03	2.550084725161578221e-06
1.599999999999964732e-03	2.070608309288265314e-06
1.639999999999961367e-03	1.460285637539034732e-06
1.679999999999958003e-03	7.068663445990609305e-07
1.719999999999954638e-03	-4.277606860094755595e-08
1.759999999999951274e-03	-6.699696371467013584e-07
1.799999999999947909e-03	-1.089127363236388607e-06
1.839999999999944544e-03	-1.273187975405846143e-06
1.879999999999941180e-03	-1.357425042766805494e-06
1.919999999999937815e-03	-1.385370904709079253e-06
1.959999999999935752e-03	-1.493307180206791616e-06
1.999999999999941061e-03	-1.539032540521625004e-06
2.039999999999946370e-03	-1.475659371749752075e-06
2.079999999999951679e-03	-1.314717117173423465e-06
2.119999999999956988e-03	-1.067702395486590217e-06
2.159999999999962297e-03	-9.268822610740353332e-07
2.199999999999967606e-03	-8.663957759127993405e-07
2.239999999999972916e-03	-9.014375506702585580e-07
2.279999999999978225e-03	-9.699404838754117476e-07
2.319999999999983534e-03	-9.273087879421900087e-07
2.359999999999988843e-03	-8.507874626916166044e-07
2.399999999999994152e-03	-7.150193277318615070e-07
2.439999999999999461e-03	-6.281750062953680587e-07
2.480000000000004770e-03	-6.328778989047573806e-07
2.520000000000010079e-03	-6.993348007901943341e-07
2.560000000000015388e-03	-7.355982149401079739e-07
2.600000000000020697e-03	-7.011127908808395860e-07
2.640000000000026006e-03	-6.213685604229039388e-07
2.680000000000031316e-03	-4.969164554481805216e-07
2.720000000000036625e-03	-4.319412755716770495e-07
2.760000000000041934e-03	-4.055095135654759826e-07
2.800000000000047243e-03	-4.462031139323444926e-07
2.840000000000052552e-03	-4.889788791876258828e-07
2.880000000000057861e-03	-4.818539730489088497e-07
2.920000000000063170e-03	-4.651708712116730690e-07
2.960000000000068479e-03	-4.058049975004462977e-07
3.000000000000073788e-03	-3.867794557935579125e-07
3.040000000000079097e-03	-3.888827047700879322e-07
3.080000000000084406e-03	-3.931695289601188350e-07
3.120000000000089715e-03	-3.958457541622640808e-07
3.160000000000095025e-03	-3.850072366205947397e-07
3.200000000000100334e-03	-3.441300059272168084e-07
3.240000000000105643e-03	-3.057092350593611080e-07
3.280000000000110952e-03	-2.976182379913920823e-07
3.320000000000116261e-03	-3.209809259061668319e-07
3.360000000000121570e-03	-3.730508231936883668e-07
3.400000000000126879e-03	-3.984347511904497771e-07
3.440000000000132188e-03	-3.931009052588343628e-07
3.480000000000137497e-03	-3.106222587986777917e-07
3.520000000000142806e-03	-1.903421939617504938e-07
3.560000000000148115e-03	-5.300913363936840192e-08
3.600000000000153424e-03	4.236429227952312432e-08
3.640000000000158734e-03	8.497342499172975139e-08
3.680000000000164043e-03	6.401946461798658409e-08
3.720000000000169352e-03	2.662624980128888955e-08
3.760000000000174661e-03	1.788730799663601084e-08
3.800000000000179970e-03	5.379372736253518442e-08
3.840000000000185279e-03	1.388697475436361556e-07
3.880000000000190588e-03	2.516503545200384394e-07
3.920000000000195897e-03	3.587743022797210543e-07
3.960000000000201206e-03	4.469249551827516024e-07
4.000000000000206515e-03	5.035649417677818125e-07
4.040000000000211824e-03	5.386963077724729485e-07
4.080000000000217134e-03	5.525201884761360337e-07
4.120000000000222443e-03	5.558580112614806461e-07
4.160000000000227752e-03	5.331302207423357185e-07
4.200000000000233061e-03	4.798163496256311960e-07
4.240000000000238370e-03	4.153581224072435399e-07
4.280000000000243679e-03	3.680740032880092564e-07
4.320000000000248988e-03	3.439733418867947635e-07
4.360000000000254297e-03	3.560409929978178904e-07
4.400000000000259606e-03	3.612334530490294350e-07
4.440000000000264915e-03	3.729776103874838586e-07
4.480000000000270224e-03	3.708140293978808894e-07
4.520000000000275533e-03	3.665333609321826279e-07
4.560000000000280843e-03	3.479125407427169212e-07
4.600000000000286152e-03	3.452680733190389484e-07
4.640000000000291461e-03	3.516436655060843432e-07
4.680000000000296770e-03	3.462606246072629789e-07
4.720000000000302079e-03	3.309571387766454502e-07
4.760000000000307388e-03	2.829043668226457909e-07
4.800000000000312697e-03	2.396972549864720409e-07
4.840000000000318006e-03	1.717911532249529508e-07
4.880000000000323315e-03	1.025700156949103954e-07
4.920000000000328624e-03	3.448513584775747222e-08
4.960000000000333933e-03	-5.885602962414543906e-08
5.000000000000339243e-03	-1.238757066925438612e-07
5.040000000000344552e-03	-1.843773699844670596e-07
5.080000000000349861e-03	-2.198662477689061893e-07
5.120000000000355170e-03	-2.368011421423701610e-07
5.160000000000360479e-03	-2.338455417453932992e-07
5.200000000000365788e-03	-2.239820874952092610e-07
5.240000000000371097e-03	-2.309942389985491157e-07
5.280000000000376406e-03	-2.202348828770569385e-07
5.320000000000381715e-03	-2.116351804843114627e-07
5.360000000000387024e-03	-2.089812248043319011e-07
5.400000000000392333e-03	-2.098538858571243926e-07
5.440000000000397642e-03	-2.186068028316919793e-07
5.480000000000402952e-03	-2.160331332568099529e-07
5.520000000000408261e-03	-2.233959984873759718e-07
5.560000000000413570e-03	-2.227818763405751558e-07
5.600000000000418879e-03	-2.288620010020143818e-07
5.640000000000424188e-03	-2.479604133483105036e-07
5.680000000000429497e-03	-2.545900532813155624e-07
5.720000000000434806e-03	-2.579539381505733363e-07
5.760000000000440115e-03	-2.618521407411951344e-07
5.800000000000445424e-03	-2.343259361120336162e-07
5.840000000000450733e-03	-2.086774258658997488e-07
5.880000000000456042e-03	-1.772687867662386718e-07
5.920000000000461352e-03	-1.531022818128219784e-07
5.960000000000466661e-03	-1.233928731800165120e-07
6.000000000000471970e-03	-7.257967365295375421e-08
6.040000000000477279e-03	-1.542921396488072438e-08
6.080000000000482588e-03	6.621755151344742101e-08
6.120000000000487897e-03	1.477389627890645714e-07
6.160000000000493206e-03	2.189016298426950412e-07
6.200000000000498515e-03	2.517404764655959943e-07
6.240000000000503824e-03	2.608612886185656437e-07
6.280000000000509133e-03	2.470905729217596047e-07
6.320000000000514442e-03	2.218520063586696318e-07
6.360000000000519751e-03	2.102901788501111936e-07
6.400000000000525061e-03	1.904418864041213934e-07
6.440000000000530370e-03	1.848976291502901642e-07
6.480000000000535679e-03	1.875194605072851743e-07
6.520000000000540988e-03	1.803254010733901048e-07
6.560000000000546297e-03	1.639972728700345935e-07
6.600000000000551606e-03	1.540011750336268407e-07
6.640000000000556915e-03	1.557537768456552889e-07
6.680000000000562224e-03	1.585665209364297034e-07
6.720000000000567533e-03	1.643705851162053103e-07
6.760000000000572842e-03	1.695344191701339781e-07
6.800000000000578151e-03	1.825469734038291066e-07
6.840000000000583461e-03	1.747957851562617365e-07
6.880000000000588770e-03	1.607161836905981877e-07
6.920000000000594079e-03	1.413815548245482047e-07
6.960000000000599388e-03	1.061544396264868923e-07
7.000000000000604697e-03	5.525525781535079159e-08
