0.000000000000000000e+00	-1.989855999521862947e-30
3.999999999999998294e-05	-2.834795361517318762e-08
7.999999999999987102e-05	-2.061713254723939686e-06
1.199999999999997591e-04	-6.361355912845341358e-06
1.599999999999996607e-04	-1.378803205109332891e-05
1.999999999999995488e-04	-2.285679036401279575e-05
2.399999999999994369e-04	-3.127152771768714108e-05
2.800000000000003007e-04	-3.609937217261605699e-05
3.200000000000012730e-04	-3.523110434921977128e-05
3.600000000000022453e-04	-2.877069320508837382e-05
4.000000000000032176e-04	-1.850107977232297502e-05
4.400000000000041898e-04	-7.673805963739453666e-06
4.800000000000051621e-04	1.208395344849139511e-06
5.200000000000061344e-04	6.801889365656902329e-06
5.600000000000071067e-04	9.398427520624945536e-06
6.000000000000080790e-04	1.010485503336710350e-05
6.400000000000090512e-04	1.019910100112267412e-05
6.800000000000100235e-04	1.095546471491513194e-05
7.200000000000109958e-04	1.149548611385556025e-05
7.600000000000119681e-04	1.237402708719502608e-05
8.000000000000129403e-04	1.289198973655515092e-05
8.400000000000139126e-04	1.311068832524461761e-05
8.800000000000148849e-04	1.293997565505552648e-05
9.200000000000158572e-04	1.239466343758004173e-05
9.600000000000168295e-04	1.169225989086594956e-05
1.000000000000015200e-03	1.082264078683121532e-05
1.040000000000011835e-03	1.015885929849110187e-05
1.080000000000008471e-03	9.419205058794791226e-06
1.120000000000005106e-03	8.637199646794185566e-06
1.160000000000001742e-03	7.687568315737587223e-06
1.199999999999998377e-03	6.653819496137482902e-06
1.239999999999995012e-03	5.637284990199026677e-06
1.279999999999991648e-03	4.764897827367261373e-06
1.319999999999988283e-03	4.062081978797140262e-06
1.359999999999984919e-03	3.409101361279420778e-06
1.399999999999981554e-03	2.705671396078833981e-06
1.439999999999978190e-03	2.045646069599557540e-06
1.479999999999974825e-03	1.389440970703896401e-06
1.519999999999971461e-03	8.714533793914642306e-07
1.559999999999968096e-03	6.059622626932939337e-07
1.599999999999964732e-03	4.895187095604389599e-07
1.639999999999961367e-03	3.606065107770413876e-07
1.679999999999958003e-03	9.454095451381645043e-08
1.719999999999954638e-03	-4.300039115025176071e-07
1.759999999999951274e-03	-1.043846312147050567e-06
1.799999999999947909e-03	-1.622280521858929607e-06
1.839999999999944544e-03	-1.969606073009478366e-06
1.879999999999941180e-03	-2.000696825857420098e-06
1.919999999999937815e-03	-1.732381836316286862e-06
1.959999999999935752e-03	-1.207874503654802478e-06
1.999999999999941061e-03	-6.029657158931420586e-07
2.039999999999946370e-03	-3.523832548167006523e-08
2.079999999999951679e-03	4.380243453390396405e-07
2.119999999999956988e-03	7.412065715381036267e-07
2.159999999999962297e-03	8.366724016417753853e-07
2.199999999999967606e-03	7.449209893861683196e-07
2.239999999999972916e-03	5.010544080453608963e-07
2.279999999999978225e-03	2.275099315068667837e-07
2.319999999999983534e-03	-2.469035705760708070e-08
2.359999999999988843e-03	-2.278370086876436141e-07
2.399999999999994152e-03	-3.824343067618436873e-07
2.439999999999999461e-03	-5.705822561654507296e-07
2.480000000000004770e-03	-7.174435916296906993e-07
2.520000000000010079e-03	-8.819023083495000714e-07
2.560000000000015388e-03	-1.018372894925255800e-06
2.600000000000020697e-03	-1.096835877997457150e-06
2.640000000000026006e-03	-1.173212713634055092e-06
2.680000000000031316e-03	-1.205776298287472347e-06
2.720000000000036625e-03	-1.272318581899912832e-06
2.760000000000041934e-03	-1.329678748876525301e-06
2.800000000000047243e-03	-1.331640429937354505e-06
2.840000000000052552e-03	-1.254321440414722638e-06
2.880000000000057861e-03	-1.072649552234265043e-06
2.920000000000063170e-03	-8.198555488477743998e-07
2.960000000000068479e-03	-5.442985370884242148e-07
3.000000000000073788e-03	-3.241619296025348969e-07
3.040000000000079097e-03	-1.526003916370351813e-07
3.080000000000084406e-03	-4.424488794144988729e-08
3.120000000000089715e-03	2.108468627692682993e-08
3.160000000000095025e-03	1.998374174989140943e-08
3.200000000000100334e-03	-1.390700710501586177e-08
3.240000000000105643e-03	-6.287974887682328492e-08
3.280000000000110952e-03	-1.512493097196908238e-07
3.320000000000116261e-03	-2.009195802767681614e-07
3.360000000000121570e-03	-2.190124628377511447e-07
3.400000000000126879e-03	-1.778043782689177041e-07
3.440000000000132188e-03	-1.207152520404314173e-07
3.480000000000137497e-03	-5.741545982942454082e-08
3.520000000000142806e-03	-1.034854268526691442e-09
3.560000000000148115e-03	4.430662186186234606e-08
3.600000000000153424e-03	1.102470627413398000e-07
3.640000000000158734e-03	1.724857825629059923e-07
3.680000000000164043e-03	2.563964006040864381e-07
3.720000000000169352e-03	3.505824724086090383e-07
3.760000000000174661e-03	4.350145071027706329e-07
3.800000000000179970e-03	5.072928010903871318e-07
3.840000000000185279e-03	5.432817428274473198e-07
3.880000000000190588e-03	5.576610554797926486e-07
3.920000000000195897e-03	4.822616283054345301e-07
3.960000000000201206e-03	3.585653375398200661e-07
4.000000000000206515e-03	1.787214184479869481e-07
4.040000000000211824e-03	1.364913809271060123e-08
4.080000000000217134e-03	-8.215878536959034833e-08
4.120000000000222443e-03	-5.810783935979235683e-08
4.160000000000227752e-03	3.842925177824317498e-08
4.200000000000233061e-03	1.973433073665956454e-07
4.240000000000238370e-03	3.802532554502429395e-07
4.280000000000243679e-03	5.149435718044704027e-07
4.320000000000248988e-03	5.652255039313456329e-07
4.360000000000254297e-03	5.560830046066984974e-07
4.400000000000259606e-03	4.665548331630727559e-07
4.440000000000264915e-03	3.655708820160147796e-07
4.480000000000270224e-03	2.107563396134948698e-07
4.520000000000275533e-03	8.520525733670402071e-08
4.560000000000280843e-03	-1.409284454269965144e-08
4.600000000000286152e-03	-6.963899741942244058e-08
4.640000000000291461e-03	-7.911669006439089550e-08
4.680000000000296770e-03	-4.696061215322700433e-08
4.720000000000302079e-03	5.449627576901994059e-10
4.760000000000307388e-03	5.417518889172399449e-08
4.800000000000312697e-03	9.652792875797359309e-08
4.840000000000318006e-03	1.237754922375931053e-07
4.880000000000323315e-03	1.324880103574648955e-07
4.920000000000328624e-03	1.121587894665993562e-07
4.960000000000333933e-03	4.972133979635769691e-08
5.000000000000339243e-03	-1.351421617357018369e-08
5.040000000000344552e-03	-9.116516321375307063e-08
5.080000000000349861e-03	-1.533921405181162429e-07
5.120000000000355170e-03	-2.030681259103483217e-07
5.160000000000360479e-03	-2.362122350532613026e-07
5.200000000000365788e-03	-2.344693563393230143e-07
5.240000000000371097e-03	-2.367295368201743933e-07
5.280000000000376406e-03	-2.203861248476138518e-07
5.320000000000381715e-03	-1.958843081451372835e-07
5.360000000000387024e-03	-1.353844875105903054e-07
5.400000000000392333e-03	-5.829486713276212519e-08
5.440000000000397642e-03	1.466741931377435010e-08
5.480000000000402952e-03	5.724515250263947846e-08
5.520000000000408261e-03	8.159862881543929546e-08
5.560000000000413570e-03	6.902865292001587074e-08
5.600000000000418879e-03	2.815150526575329892e-08
5.640000000000424188e-03	-2.014898887902297965e-08
5.680000000000429497e-03	-4.919752426813501140e-08
5.720000000000434806e-03	-6.440782355108757303e-08
5.760000000000440115e-03	-4.519573793770159267e-08
5.800000000000445424e-03	-3.807054484516905536e-08
5.840000000000450733e-03	1.536462233278536866e-09
5.880000000000456042e-03	4.252652673100814300e-08
5.920000000000461352e-03	7.264810822204326600e-08
5.960000000000466661e-03	1.002987159906529575e-07
6.000000000000471970e-03	1.167656772070184467e-07
6.040000000000477279e-03	1.285917417982407834e-07
6.080000000000482588e-03	1.276415437076563846e-07
6.120000000000487897e-03	1.255343154680979837e-07
6.160000000000493206e-03	1.402951978903792494e-07
6.200000000000498515e-03	1.420345134767394923e-07
6.240000000000503824e-03	1.619264255092402545e-07
6.280000000000509133e-03	1.606486365810702675e-07
6.320000000000514442e-03	1.385240785407354791e-07
6.360000000000519751e-03	9.279087074534484708e-08
6.400000000000525061e-03	3.080129291577201294e-08
6.440000000000530370e-03	-2.907416867086372957e-08
6.480000000000535679e-03	-1.231414879483544696e-07
6.520000000000540988e-03	-1.851236256184884763e-07
6.560000000000546297e-03	-2.377030771992944472e-07
6.600000000000551606e-03	-2.657286058335318838e-07
6.640000000000556915e-03	-2.760868385654968217e-07
6.680000000000562224e-03	-2.580058325414732631e-07
6.720000000000567533e-03	-2.386512883311148636e-07
6.760000000000572842e-03	-2.044471220924738924e-07
6.800000000000578151e-03	-1.676975204862635921e-07
6.840000000000583461e-03	-1.234887374812253052e-07
6.880000000000588770e-03	-6.135814554443547842e-08
6.920000000000594079e-03	1.180540741680497783e-08
6.960000000000599388e-03	7.611471792057878924e-08
7.000000000000604697e-03	1.441050606208779676e-07
