0.000000000000000000e+00	-1.993052117179279463e-30
3.999999999999998294e-05	-2.490766434552108016e-08
7.999999999999987102e-05	-2.039091847999988311e-06
1.199999999999997591e-04	-6.293726910922497632e-06
1.599999999999996607e-04	-1.362220367429110593e-05
1.999999999999995488e-04	-2.257560895617376901e-05
2.399999999999994369e-04	-3.063230955222106259e-05
2.800000000000003007e-04	-3.499231936275058649e-05
3.200000000000012730e-04	-3.342572921382152114e-05
3.600000000000022453e-04	-2.641849057542069987e-05
4.000000000000032176e-04	-1.593214884630146056e-05
4.400000000000041898e-04	-5.409308484298002174e-06
4.800000000000051621e-04	2.515190456741224316e-06
5.200000000000061344e-04	6.862889516466799491e-06
5.600000000000071067e-04	8.073778978451589974e-06
6.000000000000080790e-04	7.626988461311288375e-06
6.400000000000090512e-04	6.890224998232242834e-06
6.800000000000100235e-04	7.131330374819635752e-06
7.200000000000109958e-04	7.365734895668525521e-06
7.600000000000119681e-04	7.997572337220050067e-06
8.000000000000129403e-04	8.334051790157322176e-06
8.400000000000139126e-04	8.582402955922124120e-06
8.800000000000148849e-04	8.610783860761107492e-06
9.200000000000158572e-04	8.408078172143550942e-06
9.600000000000168295e-04	8.281183072186991856e-06
1.000000000000015200e-03	8.200258787965774020e-06
1.040000000000011835e-03	8.445109881404783063e-06
1.080000000000008471e-03	8.959102131718767292e-06
1.120000000000005106e-03	9.473816951417012965e-06
1.160000000000001742e-03	9.865807904473025052e-06
1.199999999999998377e-03	9.777986313809174839e-06
1.239999999999995012e-03	9.154476694305745574e-06
1.279999999999991648e-03	8.078649079703982512e-06
1.319999999999988283e-03	6.740930712466909693e-06
1.359999999999984919e-03	5.410982337058468286e-06
1.399999999999981554e-03	4.233113123617572177e-06
1.439999999999978190e-03	3.405482480788707339e-06
1.479999999999974825e-03	2.835007439892507553e-06
1.519999999999971461e-03	2.481564985893241161e-06
1.559999999999968096e-03	2.257295789237234282e-06
1.599999999999964732e-03	1.995314399307399705e-06
1.639999999999961367e-03	1.775923293782112654e-06
1.679999999999958003e-03	1.487342391806484918e-06
1.719999999999954638e-03	1.264335629110438357e-06
1.759999999999951274e-03	1.029258818784806036e-06
1.799999999999947909e-03	8.739867959863336304e-07
1.839999999999944544e-03	7.235826380818312826e-07
1.879999999999941180e-03	5.792581946703011906e-07
1.919999999999937815e-03	4.794531601822683050e-07
1.959999999999935752e-03	3.761236163618454311e-07
1.999999999999941061e-03	2.746633645103034423e-07
2.039999999999946370e-03	1.260577081383391969e-07
2.079999999999951679e-03	-3.789484669244623160e-08
2.119999999999956988e-03	-1.847764968510463074e-07
2.159999999999962297e-03	-3.312248018904321849e-07
2.199999999999967606e-03	-3.262210311330083131e-07
2.239999999999972916e-03	-3.107976594619237883e-07
2.279999999999978225e-03	-2.429233065069830828e-07
2.319999999999983534e-03	-2.779366592312349287e-07
2.359999999999988843e-03	-4.410218213330284229e-07
2.399999999999994152e-03	-7.175557355924050642e-07
2.439999999999999461e-03	-9.823465180222302477e-07
2.480000000000004770e-03	-1.227644512548315141e-06
2.520000000000010079e-03	-1.352602721369714634e-06
2.560000000000015388e-03	-1.335804902156756342e-06
2.600000000000020697e-03	-1.271413584917068125e-06
2.640000000000026006e-03	-1.146800538840882447e-06
2.680000000000031316e-03	-1.021385197036910794e-06
2.720000000000036625e-03	-8.663017667648319157e-07
2.760000000000041934e-03	-6.679647100889641811e-07
2.800000000000047243e-03	-5.086981384635072460e-07
2.840000000000052552e-03	-3.810683469738726826e-07
2.880000000000057861e-03	-3.485376762714759223e-07
2.920000000000063170e-03	-4.176614728849936702e-07
2.960000000000068479e-03	-5.199784271857610880e-07
3.000000000000073788e-03	-6.265999247277332286e-07
3.040000000000079097e-03	-6.942987592327996087e-07
3.080000000000084406e-03	-6.839476222278648690e-07
3.120000000000089715e-03	-7.091314459283648905e-07
3.160000000000095025e-03	-7.585416194207920035e-07
3.200000000000100334e-03	-8.897850158462368401e-07
3.240000000000105643e-03	-1.003951354874161482e-06
3.280000000000110952e-03	-1.100133918700996913e-06
3.320000000000116261e-03	-1.111746927064065928e-06
3.360000000000121570e-03	-1.046876325683012506e-06
3.400000000000126879e-03	-9.810548952438902022e-07
3.440000000000132188e-03	-9.569678445308591986e-07
3.480000000000137497e-03	-1.018041451186619727e-06
3.520000000000142806e-03	-1.133056215863553151e-06
3.560000000000148115e-03	-1.194141967812944542e-06
3.600000000000153424e-03	-1.219461886621696721e-06
3.640000000000158734e-03	-1.129581238949141364e-06
3.680000000000164043e-03	-1.006173156320593318e-06
3.720000000000169352e-03	-8.462230230710483004e-07
3.760000000000174661e-03	-7.037156486094405695e-07
3.800000000000179970e-03	-5.718736025219893890e-07
3.840000000000185279e-03	-4.060626129913603436e-07
3.880000000000190588e-03	-1.797673938397596810e-07
3.920000000000195897e-03	9.480306282163453715e-08
3.960000000000201206e-03	3.678513369979609082e-07
4.000000000000206515e-03	6.184963073800882840e-07
4.040000000000211824e-03	8.014850899183474951e-07
4.080000000000217134e-03	9.206895129103360580e-07
4.120000000000222443e-03	1.033188531991129472e-06
4.160000000000227752e-03	1.103574027284275293e-06
4.200000000000233061e-03	1.205310621484167858e-06
4.240000000000238370e-03	1.257391909443309094e-06
4.280000000000243679e-03	1.272072254429723960e-06
4.320000000000248988e-03	1.228935954464711053e-06
4.360000000000254297e-03	1.135289960572599524e-06
4.400000000000259606e-03	1.033983369939734235e-06
4.440000000000264915e-03	9.414232448198694845e-07
4.480000000000270224e-03	8.515242085545185452e-07
4.520000000000275533e-03	8.079409633696953315e-07
4.560000000000280843e-03	7.244262593483608990e-07
4.600000000000286152e-03	6.284126372427460741e-07
4.640000000000291461e-03	4.990549528166174522e-07
4.680000000000296770e-03	3.604284584644316824e-07
4.720000000000302079e-03	2.103798990878679813e-07
4.760000000000307388e-03	8.641863719333820295e-08
4.800000000000312697e-03	-5.880635780704363204e-09
4.840000000000318006e-03	-5.686649724685431648e-08
4.880000000000323315e-03	-7.181439269390982797e-08
4.920000000000328624e-03	-6.543536122996799188e-08
4.960000000000333933e-03	-1.324029568567222568e-08
5.000000000000339243e-03	6.911613481886694910e-08
5.040000000000344552e-03	1.757808719512525555e-07
5.080000000000349861e-03	2.972549772317678482e-07
5.120000000000355170e-03	3.595910857977765232e-07
5.160000000000360479e-03	3.876393405325883606e-07
5.200000000000365788e-03	3.498936123286521105e-07
5.240000000000371097e-03	2.643532648232415814e-07
5.280000000000376406e-03	1.966362632896970892e-07
5.320000000000381715e-03	1.123063712940764016e-07
5.360000000000387024e-03	4.572535661420928739e-08
5.400000000000392333e-03	-2.139628633622244955e-08
5.440000000000397642e-03	-8.473978330210414418e-08
5.480000000000402952e-03	-1.522342041699211196e-07
5.520000000000408261e-03	-1.872680214499363344e-07
5.560000000000413570e-03	-2.017445473246054011e-07
5.600000000000418879e-03	-1.796752318597268113e-07
5.640000000000424188e-03	-1.517978232091592356e-07
5.680000000000429497e-03	-1.563401439918279869e-07
5.720000000000434806e-03	-1.850206029897903831e-07
5.760000000000440115e-03	-2.396888023782346675e-07
5.800000000000445424e-03	-2.966575943991553477e-07
5.840000000000450733e-03	-3.254760199311181578e-07
5.880000000000456042e-03	-3.503609315707588687e-07
5.920000000000461352e-03	-3.514230412965753246e-07
5.960000000000466661e-03	-3.537641187301356459e-07
6.000000000000471970e-03	-3.631519915321929601e-07
6.040000000000477279e-03	-3.861304361265069885e-07
6.080000000000482588e-03	-3.888871968412146016e-07
6.120000000000487897e-03	-3.713065228679900684e-07
6.160000000000493206e-03	-3.205663389419963738e-07
6.200000000000498515e-03	-2.546946887133949429e-07
6.240000000000503824e-03	-2.051406816286336061e-07
6.280000000000509133e-03	-1.565340775784437284e-07
6.320000000000514442e-03	-1.088538671624075798e-07
6.360000000000519751e-03	-7.478927649593055528e-08
6.400000000000525061e-03	-4.698217441036354681e-08
6.440000000000530370e-03	-2.674327273640276546e-08
6.480000000000535679e-03	-2.913037204059280619e-08
6.520000000000540988e-03	-4.978983085866147537e-08
6.560000000000546297e-03	-7.432271469363378962e-08
6.600000000000551606e-03	-7.557869191841792814e-08
6.640000000000556915e-03	-4.924986828091405508e-08
6.680000000000562224e-03	1.297062204216487437e-08
6.720000000000567533e-03	7.900900999199920421e-08
6.760000000000572842e-03	1.409571654220040425e-07
6.800000000000578151e-03	1.577493678182906310e-07
6.840000000000583461e-03	1.582885886070644467e-07
6.880000000000588770e-03	1.422470190398863638e-07
6.920000000000594079e-03	1.346739722307823683e-07
6.960000000000599388e-03	1.289873804113877734e-07
7.000000000000604697e-03	1.424213109990110809e-07
