0.000000000000000000e+00	-9.452253563931764759e-31
3.999999999999998294e-05	-3.958884218175858034e-08
7.999999999999987102e-05	-2.243514974162146347e-06
1.199999999999997591e-04	-7.700722243586161333e-06
1.599999999999996607e-04	-1.742212574230281769e-05
1.999999999999995488e-04	-3.021897767487610986e-05
2.399999999999994369e-04	-4.270028423856150142e-05
2.800000000000003007e-04	-5.048644726769753970e-05
3.200000000000012730e-04	-4.992750928431780033e-05
3.600000000000022453e-04	-4.042006107246872657e-05
4.000000000000032176e-04	-2.451580420119422917e-05
4.400000000000041898e-04	-6.913499611710632193e-06
4.800000000000051621e-04	7.718894603187152694e-06
5.200000000000061344e-04	1.690282538656612352e-05
5.600000000000071067e-04	2.072038253869363511e-05
6.000000000000080790e-04	2.096250626451403836e-05
6.400000000000090512e-04	1.984934042509498315e-05
6.800000000000100235e-04	1.927074112340033761e-05
7.200000000000109958e-04	1.876750080629967099e-05
7.600000000000119681e-04	1.829886287307800892e-05
8.000000000000129403e-04	1.748963153465841189e-05
8.400000000000139126e-04	1.641396382306929539e-05
8.800000000000148849e-04	1.527585113315409077e-05
9.200000000000158572e-04	1.408988828929745146e-05
9.600000000000168295e-04	1.292454305907975250e-05
1.000000000000015200e-03	1.161585338466350243e-05
1.040000000000011835e-03	1.031760350076381080e-05
1.080000000000008471e-03	9.205956799927275897e-06
1.120000000000005106e-03	8.229840420474010697e-06
1.160000000000001742e-03	7.467068363862254716e-06
1.199999999999998377e-03	6.715306368629844506e-06
1.239999999999995012e-03	5.716267688666182424e-06
1.279999999999991648e-03	4.495513943595452153e-06
1.319999999999988283e-03	3.080211928015510686e-06
1.359999999999984919e-03	1.718266316020805164e-06
1.399999999999981554e-03	6.290052373100608302e-07
1.439999999999978190e-03	-1.251046901667959062e-08
1.479999999999974825e-03	-2.776194566311386542e-07
1.519999999999971461e-03	-3.367695563707736856e-07
1.559999999999968096e-03	-3.446145436697534801e-07
1.599999999999964732e-03	-4.737009963622688710e-07
1.639999999999961367e-03	-6.694549160041061456e-07
1.679999999999958003e-03	-8.545814530708112098e-07
1.719999999999954638e-03	-1.006466926079385097e-06
1.759999999999951274e-03	-1.075236126694513297e-06
1.799999999999947909e-03	-1.087784543662155227e-06
1.839999999999944544e-03	-1.088837575931814056e-06
1.879999999999941180e-03	-1.115067949737121121e-06
1.919999999999937815e-03	-1.055478179299531428e-06
1.959999999999935752e-03	-9.216488413120676127e-07
1.999999999999941061e-03	-7.214456904150662885e-07
2.039999999999946370e-03	-4.854983842019040813e-07
2.079999999999951679e-03	-3.476878506701734156e-07
2.119999999999956988e-03	-2.998666684067228620e-07
2.159999999999962297e-03	-4.168677016862242435e-07
2.199999999999967606e-03	-5.943472250873018500e-07
2.239999999999972916e-03	-7.663263093668945563e-07
2.279999999999978225e-03	-8.618217026765888521e-07
2.319999999999983534e-03	-8.481180269265826153e-07
2.359999999999988843e-03	-7.517607251205851845e-07
2.399999999999994152e-03	-6.253922296879810737e-07
2.439999999999999461e-03	-5.090824082031729786e-07
2.480000000000004770e-03	-4.022378376483893441e-07
2.520000000000010079e-03	-3.461267742229256652e-07
2.560000000000015388e-03	-3.216395578129574946e-07
2.600000000000020697e-03	-2.689888649336171155e-07
2.640000000000026006e-03	-2.336605127457473087e-07
2.680000000000031316e-03	-1.743312054113751070e-07
2.720000000000036625e-03	-1.389911025253371426e-07
2.760000000000041934e-03	-1.584858847031768783e-07
2.800000000000047243e-03	-2.397287384326797469e-07
2.840000000000052552e-03	-3.635779327903616717e-07
2.880000000000057861e-03	-5.065925977693423270e-07
2.920000000000063170e-03	-6.571932691274369245e-07
2.960000000000068479e-03	-7.818775369977019167e-07
3.000000000000073788e-03	-8.871256485987161523e-07
3.040000000000079097e-03	-9.910119315109818317e-07
3.080000000000084406e-03	-1.077295556947429027e-06
3.120000000000089715e-03	-1.115271313989498759e-06
3.160000000000095025e-03	-1.041809872976463547e-06
3.200000000000100334e-03	-8.888366564506191487e-07
3.240000000000105643e-03	-6.441696594602577562e-07
3.280000000000110952e-03	-3.574199606409460667e-07
3.320000000000116261e-03	-7.341225467601504050e-08
3.360000000000121570e-03	1.831969031197071047e-07
3.400000000000126879e-03	3.734284910709291177e-07
3.440000000000132188e-03	4.959638052021675879e-07
3.480000000000137497e-03	5.698835833286337410e-07
3.520000000000142806e-03	5.832091920031386538e-07
3.560000000000148115e-03	5.764198161060602678e-07
3.600000000000153424e-03	5.319693783026892736e-07
3.640000000000158734e-03	4.605824956961844892e-07
3.680000000000164043e-03	3.800901205793728878e-07
3.720000000000169352e-03	3.048046958178842281e-07
3.760000000000174661e-03	2.333627052643471097e-07
3.800000000000179970e-03	2.214372497324351362e-07
3.840000000000185279e-03	2.454230856388092770e-07
3.880000000000190588e-03	3.195769920843582886e-07
3.920000000000195897e-03	4.231067248686817953e-07
3.960000000000201206e-03	4.942916020188437324e-07
4.000000000000206515e-03	5.523218813429128772e-07
4.040000000000211824e-03	5.758163252158620985e-07
4.080000000000217134e-03	5.764462305441970555e-07
4.120000000000222443e-03	5.483054110223882924e-07
4.160000000000227752e-03	4.820578235553606534e-07
4.200000000000233061e-03	4.015577378466453242e-07
4.240000000000238370e-03	3.478217813243895866e-07
4.280000000000243679e-03	3.031844425324197765e-07
4.320000000000248988e-03	3.092723733652118554e-07
4.360000000000254297e-03	3.522390571980089367e-07
4.400000000000259606e-03	3.974063087858187339e-07
4.440000000000264915e-03	4.236656739571365979e-07
4.480000000000270224e-03	3.855638804844867643e-07
4.520000000000275533e-03	2.870156978568735047e-07
4.560000000000280843e-03	1.287096086691391670e-07
4.600000000000286152e-03	-5.727748690054600736e-08
4.640000000000291461e-03	-2.508366652724255031e-07
4.680000000000296770e-03	-4.201942332522138624e-07
4.720000000000302079e-03	-5.403587830206079230e-07
4.760000000000307388e-03	-5.693616561150373803e-07
4.800000000000312697e-03	-5.311476151624285391e-07
4.840000000000318006e-03	-4.230559241108128889e-07
4.880000000000323315e-03	-2.498172280923838713e-07
4.920000000000328624e-03	-7.737757932745957697e-08
4.960000000000333933e-03	6.597794832773161251e-08
5.000000000000339243e-03	1.455058042817378587e-07
5.040000000000344552e-03	1.655081470290155960e-07
5.080000000000349861e-03	1.383970588788955114e-07
5.120000000000355170e-03	8.140655799345021884e-08
5.160000000000360479e-03	2.199835876565288487e-08
5.200000000000365788e-03	-2.065690921665120045e-08
5.240000000000371097e-03	-6.309292457541091844e-08
5.280000000000376406e-03	-8.763947228201489465e-08
5.320000000000381715e-03	-9.325101499862437268e-08
5.360000000000387024e-03	-8.070890828736584896e-08
5.400000000000392333e-03	-4.262911965468719580e-08
5.440000000000397642e-03	6.772766478059190271e-09
5.480000000000402952e-03	5.145947978007639724e-08
5.520000000000408261e-03	7.870921008447098371e-08
5.560000000000413570e-03	7.990093331830462238e-08
5.600000000000418879e-03	6.625574293199819848e-08
5.640000000000424188e-03	3.443933683335361938e-08
5.680000000000429497e-03	-7.924775818208162183e-09
5.720000000000434806e-03	-7.353569420576326111e-08
5.760000000000440115e-03	-1.455222780156714333e-07
5.800000000000445424e-03	-2.307433059206590213e-07
5.840000000000450733e-03	-3.036376972447832523e-07
5.880000000000456042e-03	-3.380596075044519026e-07
5.920000000000461352e-03	-3.338925067682672134e-07
5.960000000000466661e-03	-2.884510225626485905e-07
6.000000000000471970e-03	-2.203716435935571317e-07
6.040000000000477279e-03	-1.220508787787330209e-07
6.080000000000482588e-03	-2.957613398142167496e-08
6.120000000000487897e-03	5.464405566797909969e-08
6.160000000000493206e-03	1.264602144171297038e-07
6.200000000000498515e-03	1.832725235880130972e-07
6.240000000000503824e-03	2.150948740939475750e-07
6.280000000000509133e-03	2.288820148666830219e-07
6.320000000000514442e-03	2.164528454532493215e-07
6.360000000000519751e-03	1.875149851756127937e-07
6.400000000000525061e-03	1.390357231951077159e-07
6.440000000000530370e-03	7.961150148827056902e-08
6.480000000000535679e-03	2.636777987307748054e-08
6.520000000000540988e-03	-2.849386631313610688e-08
6.560000000000546297e-03	-7.845793988556281232e-08
6.600000000000551606e-03	-1.111378808923079969e-07
6.640000000000556915e-03	-1.352905630552695019e-07
6.680000000000562224e-03	-1.360094294495898467e-07
6.720000000000567533e-03	-1.237681984368674372e-07
6.760000000000572842e-03	-8.332226112724869135e-08
6.800000000000578151e-03	-2.620576338957945713e-08
6.840000000000583461e-03	2.772316394781130456e-08
6.880000000000588770e-03	7.815098491111905406e-08
6.920000000000594079e-03	1.134054311591200133e-07
6.960000000000599388e-03	1.435959810037078286e-07
7.000000000000604697e-03	1.658774569119865671e-07
