0.000000000000000000e+00	-2.789101375987329202e-30
3.999999999999998294e-05	-2.701827541888771893e-08
7.999999999999987102e-05	-2.044305857016201225e-06
1.199999999999997591e-04	-6.326673812900978997e-06
1.599999999999996607e-04	-1.366145421626754078e-05
1.999999999999995488e-04	-2.262183477716053247e-05
2.399999999999994369e-04	-3.065312332590092994e-05
2.800000000000003007e-04	-3.502118669668659583e-05
3.200000000000012730e-04	-3.337969798927933722e-05
3.600000000000022453e-04	-2.616686555637389911e-05
4.000000000000032176e-04	-1.533816456059555917e-05
4.400000000000041898e-04	-4.343537859374628496e-06
4.800000000000051621e-04	4.018457920089238704e-06
5.200000000000061344e-04	8.649516956769751395e-06
5.600000000000071067e-04	9.799801137539449833e-06
6.000000000000080790e-04	8.984401731781984564e-06
6.400000000000090512e-04	7.613925302584583757e-06
6.800000000000100235e-04	7.217839053268881137e-06
7.200000000000109958e-04	6.990972704677712484e-06
7.600000000000119681e-04	7.494312073387220729e-06
8.000000000000129403e-04	8.040765248656537239e-06
8.400000000000139126e-04	8.707132772510654047e-06
8.800000000000148849e-04	9.268352016151726962e-06
9.200000000000158572e-04	9.387151218631290648e-06
9.600000000000168295e-04	9.245026477880916607e-06
1.000000000000015200e-03	8.702478319363920003e-06
1.040000000000011835e-03	8.159864098807646340e-06
1.080000000000008471e-03	7.671042087882700452e-06
1.120000000000005106e-03	7.220048082479224183e-06
1.160000000000001742e-03	6.880094624211031879e-06
1.199999999999998377e-03	6.572419292214455248e-06
1.239999999999995012e-03	6.194131266017250923e-06
1.279999999999991648e-03	5.839452068206644632e-06
1.319999999999988283e-03	5.622880938918362521e-06
1.359999999999984919e-03	5.521980155340244596e-06
1.399999999999981554e-03	5.584374893796076859e-06
1.439999999999978190e-03	5.614678682609807994e-06
1.479999999999974825e-03	5.458810162286274645e-06
1.519999999999971461e-03	4.999840811923897686e-06
1.559999999999968096e-03	4.231618686602867741e-06
1.599999999999964732e-03	3.277983879932077878e-06
1.639999999999961367e-03	2.273532194828916205e-06
1.679999999999958003e-03	1.372331321592388567e-06
1.719999999999954638e-03	6.300656226770526293e-07
1.759999999999951274e-03	7.515637894237293383e-08
1.799999999999947909e-03	-3.595491209385598311e-07
1.839999999999944544e-03	-6.250593249335066430e-07
1.879999999999941180e-03	-8.517962970111088950e-07
1.919999999999937815e-03	-9.897724498405338136e-07
1.959999999999935752e-03	-1.077501357606016293e-06
1.999999999999941061e-03	-1.157950667826792089e-06
2.039999999999946370e-03	-1.144869283669906182e-06
2.079999999999951679e-03	-1.048972279110466818e-06
2.119999999999956988e-03	-8.074579009183067044e-07
2.159999999999962297e-03	-5.583573876807153042e-07
2.199999999999967606e-03	-3.141197922870373334e-07
2.239999999999972916e-03	-2.189795140251712550e-07
2.279999999999978225e-03	-3.011176445452780049e-07
2.319999999999983534e-03	-4.986993156717745667e-07
2.359999999999988843e-03	-7.667003399874521257e-07
2.399999999999994152e-03	-9.137858094213102931e-07
2.439999999999999461e-03	-9.657676224130759468e-07
2.480000000000004770e-03	-8.808810829812773905e-07
2.520000000000010079e-03	-7.872337578913928160e-07
2.560000000000015388e-03	-7.070146517312098337e-07
2.600000000000020697e-03	-6.907264074125332964e-07
2.640000000000026006e-03	-7.022474737774068094e-07
2.680000000000031316e-03	-7.174844905695369847e-07
2.720000000000036625e-03	-7.025832173058821841e-07
2.760000000000041934e-03	-6.615058131924974000e-07
2.800000000000047243e-03	-6.184896730538631491e-07
2.840000000000052552e-03	-5.828511653383735146e-07
2.880000000000057861e-03	-6.052919789047714420e-07
2.920000000000063170e-03	-6.112085478030792977e-07
2.960000000000068479e-03	-6.485541125270644593e-07
3.000000000000073788e-03	-5.974048124287774759e-07
3.040000000000079097e-03	-5.281761011436555173e-07
3.080000000000084406e-03	-3.927557500558469663e-07
3.120000000000089715e-03	-2.517857705828230571e-07
3.160000000000095025e-03	-1.538278205129141060e-07
3.200000000000100334e-03	-1.268532018468339927e-07
3.240000000000105643e-03	-1.815215780789544890e-07
3.280000000000110952e-03	-2.808246100673691259e-07
3.320000000000116261e-03	-4.009394017254065201e-07
3.360000000000121570e-03	-4.577657959910119734e-07
3.400000000000126879e-03	-4.827444695384892372e-07
3.440000000000132188e-03	-4.350791546840734470e-07
3.480000000000137497e-03	-3.606297610010623916e-07
3.520000000000142806e-03	-2.987460286451287637e-07
3.560000000000148115e-03	-1.849052535374242649e-07
3.600000000000153424e-03	-7.647336034819942384e-08
3.640000000000158734e-03	3.278202741813026457e-08
3.680000000000164043e-03	1.121388347805118790e-07
3.720000000000169352e-03	9.303360993584496941e-08
3.760000000000174661e-03	-9.670828459912886255e-09
3.800000000000179970e-03	-2.116029691487950078e-07
3.840000000000185279e-03	-4.474050749819792508e-07
3.880000000000190588e-03	-6.074210522855347272e-07
3.920000000000195897e-03	-6.876150916288192532e-07
3.960000000000201206e-03	-6.053678841696841260e-07
4.000000000000206515e-03	-4.691153512002497374e-07
4.040000000000211824e-03	-2.906605896482175882e-07
4.080000000000217134e-03	-7.714686235766365716e-08
4.120000000000222443e-03	1.316947533069094907e-07
4.160000000000227752e-03	3.559673828343777554e-07
4.200000000000233061e-03	5.646117827172086611e-07
4.240000000000238370e-03	7.466973418950525938e-07
4.280000000000243679e-03	8.192397816012317371e-07
4.320000000000248988e-03	7.710580382287172662e-07
4.360000000000254297e-03	6.413861778896486078e-07
4.400000000000259606e-03	4.710548239335605904e-07
4.440000000000264915e-03	3.322188982427115396e-07
4.480000000000270224e-03	2.635837023284224312e-07
4.520000000000275533e-03	2.895088362623076966e-07
4.560000000000280843e-03	3.242044490068704398e-07
4.600000000000286152e-03	3.471014397456791123e-07
4.640000000000291461e-03	3.367461347533694200e-07
4.680000000000296770e-03	2.766628833997560013e-07
4.720000000000302079e-03	2.266544454886859036e-07
4.760000000000307388e-03	1.858143996257030961e-07
4.800000000000312697e-03	1.924913726518304185e-07
4.840000000000318006e-03	2.029169657533580336e-07
4.880000000000323315e-03	2.301679951542096357e-07
4.920000000000328624e-03	2.284143930842410192e-07
4.960000000000333933e-03	2.340071320486550429e-07
5.000000000000339243e-03	2.348357297951964058e-07
5.040000000000344552e-03	2.318349558197963712e-07
5.080000000000349861e-03	2.103191714611910205e-07
5.120000000000355170e-03	1.790515761800293137e-07
5.160000000000360479e-03	1.025136725215526115e-07
5.200000000000365788e-03	2.238673328613252539e-08
5.240000000000371097e-03	-5.770534111666312407e-08
5.280000000000376406e-03	-1.086388264591745904e-07
5.320000000000381715e-03	-1.103129288032400139e-07
5.360000000000387024e-03	-1.174137561766263112e-07
5.400000000000392333e-03	-9.731339876775495853e-08
5.440000000000397642e-03	-1.171658450808638916e-07
5.480000000000402952e-03	-1.199387832381558133e-07
5.520000000000408261e-03	-1.318562718147735287e-07
5.560000000000413570e-03	-1.191037487180739989e-07
5.600000000000418879e-03	-8.410328172434432337e-08
5.640000000000424188e-03	-4.829845980404315735e-08
5.680000000000429497e-03	8.581184013179253600e-09
5.720000000000434806e-03	1.855208988470240646e-08
5.760000000000440115e-03	4.906534909860031120e-08
5.800000000000445424e-03	5.777586444427309904e-08
5.840000000000450733e-03	5.921527144009387609e-08
5.880000000000456042e-03	6.679267163300588533e-08
5.920000000000461352e-03	5.897878616044149301e-08
5.960000000000466661e-03	6.520703961774597772e-08
6.000000000000471970e-03	6.446231927937134901e-08
6.040000000000477279e-03	9.109867450700472207e-08
6.080000000000482588e-03	1.336156958249404773e-07
6.120000000000487897e-03	1.646001731192818502e-07
6.160000000000493206e-03	1.931677454207751849e-07
6.200000000000498515e-03	1.913037156417454354e-07
6.240000000000503824e-03	1.637116651939278289e-07
6.280000000000509133e-03	1.223422548126798249e-07
6.320000000000514442e-03	9.408284163483744464e-08
6.360000000000519751e-03	6.909433947721058901e-08
6.400000000000525061e-03	5.399700941239162555e-08
6.440000000000530370e-03	3.201575577496022231e-08
6.480000000000535679e-03	-4.848298132430558603e-09
6.520000000000540988e-03	-5.368684808772510538e-08
6.560000000000546297e-03	-9.180459011302715220e-08
6.600000000000551606e-03	-1.319415448044271285e-07
6.640000000000556915e-03	-1.344369855352191552e-07
6.680000000000562224e-03	-1.303280926844615600e-07
6.720000000000567533e-03	-9.920563636410965725e-08
6.760000000000572842e-03	-7.247944231420937184e-08
6.800000000000578151e-03	-5.464024230943353272e-08
6.840000000000583461e-03	-3.280212570328396018e-08
6.880000000000588770e-03	-3.985456930058480202e-08
6.920000000000594079e-03	-5.419304502427077493e-08
6.960000000000599388e-03	-8.313299633019158066e-08
7.000000000000604697e-03	-1.212158957659166332e-07
