0.000000000000000000e+00	-2.213365372210867688e-30
3.999999999999998294e-05	-2.832997299455197431e-08
7.999999999999987102e-05	-2.039770869252563238e-06
1.199999999999997591e-04	-6.331987320501993503e-06
1.599999999999996607e-04	-1.372246561923791739e-05
1.999999999999995488e-04	-2.278648801794574142e-05
2.399999999999994369e-04	-3.122946041170126559e-05
2.800000000000003007e-04	-3.605627169854588594e-05
3.200000000000012730e-04	-3.522779694423536928e-05
3.600000000000022453e-04	-2.877964084855618435e-05
4.000000000000032176e-04	-1.855033375070082311e-05
4.400000000000041898e-04	-7.718446153838054080e-06
4.800000000000051621e-04	1.169654561116423854e-06
5.200000000000061344e-04	6.765371019672201602e-06
5.600000000000071067e-04	9.362554801549966411e-06
6.000000000000080790e-04	1.008755312944086234e-05
6.400000000000090512e-04	1.018406522749709209e-05
6.800000000000100235e-04	1.093623643427497170e-05
7.200000000000109958e-04	1.149728640568434898e-05
7.600000000000119681e-04	1.235806110248762843e-05
8.000000000000129403e-04	1.285798179055463779e-05
8.400000000000139126e-04	1.314639539496288593e-05
8.800000000000148849e-04	1.304999751777101405e-05
9.200000000000158572e-04	1.257189829317414608e-05
9.600000000000168295e-04	1.182519820230788115e-05
1.000000000000015200e-03	1.084703368660062268e-05
1.040000000000011835e-03	9.910470831343539609e-06
1.080000000000008471e-03	8.985952927528809494e-06
1.120000000000005106e-03	8.124626852439612319e-06
1.160000000000001742e-03	7.278253811689804681e-06
1.199999999999998377e-03	6.481677662529656258e-06
1.239999999999995012e-03	5.743876538702759931e-06
1.279999999999991648e-03	5.032164640837632920e-06
1.319999999999988283e-03	4.364503203297749198e-06
1.359999999999984919e-03	3.668994956374029274e-06
1.399999999999981554e-03	3.003589519410349472e-06
1.439999999999978190e-03	2.315460314933721618e-06
1.479999999999974825e-03	1.652322328300410759e-06
1.519999999999971461e-03	1.088875355270667822e-06
1.559999999999968096e-03	6.140085033816074006e-07
1.599999999999964732e-03	3.454892552169556867e-07
1.639999999999961367e-03	1.373827728328014969e-07
1.679999999999958003e-03	-6.589763121693814475e-08
1.719999999999954638e-03	-3.363881441223720151e-07
1.759999999999951274e-03	-7.133745865317640558e-07
1.799999999999947909e-03	-1.151740162643672533e-06
1.839999999999944544e-03	-1.489938338869884062e-06
1.879999999999941180e-03	-1.649059013237482089e-06
1.919999999999937815e-03	-1.587694486330088705e-06
1.959999999999935752e-03	-1.340443064220062391e-06
1.999999999999941061e-03	-1.025954388542730148e-06
2.039999999999946370e-03	-6.511259418753092109e-07
2.079999999999951679e-03	-3.252689340047343298e-07
2.119999999999956988e-03	-3.135880338501513016e-08
2.159999999999962297e-03	2.004015945389856260e-07
2.199999999999967606e-03	3.681739612423351892e-07
2.239999999999972916e-03	4.492953913278499683e-07
2.279999999999978225e-03	3.956271941053383294e-07
2.319999999999983534e-03	2.690843083577280416e-07
2.359999999999988843e-03	7.539597614021633978e-08
2.399999999999994152e-03	-1.018896586298460743e-07
2.439999999999999461e-03	-2.552108587099331564e-07
2.480000000000004770e-03	-4.001473671609011851e-07
2.520000000000010079e-03	-5.300485828545439619e-07
2.560000000000015388e-03	-7.022224125205879436e-07
2.600000000000020697e-03	-8.811634304258848160e-07
2.640000000000026006e-03	-1.072972352475533628e-06
2.680000000000031316e-03	-1.244894627524966696e-06
2.720000000000036625e-03	-1.371193906408771132e-06
2.760000000000041934e-03	-1.405351571176436859e-06
2.800000000000047243e-03	-1.399258627922298647e-06
2.840000000000052552e-03	-1.331062422243850522e-06
2.880000000000057861e-03	-1.194602124210500014e-06
2.920000000000063170e-03	-1.023182553429657811e-06
2.960000000000068479e-03	-8.045802142735405066e-07
3.000000000000073788e-03	-5.904657177282365174e-07
3.040000000000079097e-03	-3.732198288551820007e-07
3.080000000000084406e-03	-1.801853216726245702e-07
3.120000000000089715e-03	-4.414762144207801709e-08
3.160000000000095025e-03	2.847232335186136627e-08
3.200000000000100334e-03	4.379258844924783388e-08
3.240000000000105643e-03	1.004254571751981948e-08
3.280000000000110952e-03	-5.083575037635484291e-08
3.320000000000116261e-03	-8.381000949764032712e-08
3.360000000000121570e-03	-1.010813833094200140e-07
3.400000000000126879e-03	-6.981581975250201876e-08
3.440000000000132188e-03	-3.495536803049564367e-08
3.480000000000137497e-03	1.742057128866381887e-08
3.520000000000142806e-03	4.581505578525933532e-08
3.560000000000148115e-03	8.584654329161337727e-08
3.600000000000153424e-03	1.500028238696909625e-07
3.640000000000158734e-03	2.184942725712933670e-07
3.680000000000164043e-03	3.082229472999115889e-07
3.720000000000169352e-03	4.065471393440129508e-07
3.760000000000174661e-03	4.655743839928328577e-07
3.800000000000179970e-03	4.993841058759198187e-07
3.840000000000185279e-03	5.021941647815113914e-07
3.880000000000190588e-03	4.750932598705273824e-07
3.920000000000195897e-03	4.085657490606381324e-07
3.960000000000201206e-03	3.166397618411126518e-07
4.000000000000206515e-03	1.874629899806070278e-07
4.040000000000211824e-03	8.632349412779193034e-08
4.080000000000217134e-03	-9.667999017068927157e-09
4.120000000000222443e-03	-1.774562828136625903e-08
4.160000000000227752e-03	5.160997596782517808e-08
4.200000000000233061e-03	1.751068630674095689e-07
4.240000000000238370e-03	3.230851747866910415e-07
4.280000000000243679e-03	4.340386908928408598e-07
4.320000000000248988e-03	4.745177629805376991e-07
4.360000000000254297e-03	4.523400228959305840e-07
4.400000000000259606e-03	3.596492670305414230e-07
4.440000000000264915e-03	2.444225930085191897e-07
4.480000000000270224e-03	1.435266553132010512e-07
4.520000000000275533e-03	6.864492061346282248e-08
4.560000000000280843e-03	3.235892342339233438e-09
4.600000000000286152e-03	-1.312408244108652132e-08
4.640000000000291461e-03	-1.363851730576338643e-08
4.680000000000296770e-03	7.594498160431195045e-09
4.720000000000302079e-03	4.859705641735955622e-08
4.760000000000307388e-03	9.170340494728308876e-08
4.800000000000312697e-03	1.326396953386303594e-07
4.840000000000318006e-03	1.578168035998416179e-07
4.880000000000323315e-03	1.545494280682755478e-07
4.920000000000328624e-03	1.439331820618837715e-07
4.960000000000333933e-03	9.867313677178114051e-08
5.000000000000339243e-03	4.200996235447464416e-08
5.040000000000344552e-03	-3.839760702256878549e-09
5.080000000000349861e-03	-5.459823843567471179e-08
5.120000000000355170e-03	-1.150777829217328059e-07
5.160000000000360479e-03	-1.557318409348865790e-07
5.200000000000365788e-03	-2.015380481271710153e-07
5.240000000000371097e-03	-2.345219376936342717e-07
5.280000000000376406e-03	-2.468207109228334664e-07
5.320000000000381715e-03	-2.313150594761393014e-07
5.360000000000387024e-03	-1.737306891186350830e-07
5.400000000000392333e-03	-1.150212523128570146e-07
5.440000000000397642e-03	-4.898155542635301680e-08
5.480000000000402952e-03	-1.845591032023834547e-09
5.520000000000408261e-03	2.251098381303072542e-08
5.560000000000413570e-03	2.241748643036659416e-10
5.600000000000418879e-03	-2.514533431006879995e-08
5.640000000000424188e-03	-5.412239635603621118e-08
5.680000000000429497e-03	-7.286337052509103762e-08
5.720000000000434806e-03	-7.799468523341835169e-08
5.760000000000440115e-03	-7.222495185997302407e-08
5.800000000000445424e-03	-4.914902606485706851e-08
5.840000000000450733e-03	-1.412513831639934219e-08
5.880000000000456042e-03	1.986064154987841340e-08
5.920000000000461352e-03	6.269291757768392885e-08
5.960000000000466661e-03	7.955781183819832023e-08
6.000000000000471970e-03	1.001374110480202968e-07
6.040000000000477279e-03	1.057270501751946969e-07
6.080000000000482588e-03	1.012551842074043103e-07
6.120000000000487897e-03	1.014217160280870123e-07
6.160000000000493206e-03	1.257381197646199954e-07
6.200000000000498515e-03	1.380306607241065342e-07
6.240000000000503824e-03	1.543599252892907423e-07
6.280000000000509133e-03	1.523515271485516769e-07
6.320000000000514442e-03	1.323793380908817704e-07
6.360000000000519751e-03	9.178528217372217093e-08
6.400000000000525061e-03	3.549454089525800724e-08
6.440000000000530370e-03	-2.395891653189487791e-08
6.480000000000535679e-03	-9.546563020227367524e-08
6.520000000000540988e-03	-1.611902616913073659e-07
6.560000000000546297e-03	-2.095362662685096194e-07
6.600000000000551606e-03	-2.401646210390711237e-07
6.640000000000556915e-03	-2.381636187977348671e-07
6.680000000000562224e-03	-2.155789260371506505e-07
6.720000000000567533e-03	-1.764931613396913065e-07
6.760000000000572842e-03	-1.402188139150300819e-07
6.800000000000578151e-03	-1.054185808364727602e-07
6.840000000000583461e-03	-6.249583297543745631e-08
6.880000000000588770e-03	-1.938280633184108192e-08
6.920000000000594079e-03	3.621720176924504841e-08
6.960000000000599388e-03	9.912463575580487369e-08
7.000000000000604697e-03	1.455754003468162109e-07
