0.000000000000000000e+00	-4.196274320595887627e-31
3.999999999999998294e-05	-2.776528657671281386e-08
7.999999999999987102e-05	-2.052080086450480269e-06
1.199999999999997591e-04	-6.441276733654076981e-06
1.599999999999996607e-04	-1.418343872946291177e-05
1.999999999999995488e-04	-2.388882647804130090e-05
2.399999999999994369e-04	-3.315595334652953093e-05
2.800000000000003007e-04	-3.886936761675905875e-05
3.200000000000012730e-04	-3.858444167832942386e-05
3.600000000000022453e-04	-3.226369748319267482e-05
4.000000000000032176e-04	-2.166317019170154777e-05
4.400000000000041898e-04	-1.028625927977058428e-05
4.800000000000051621e-04	-8.989787259281845279e-07
5.200000000000061344e-04	4.849642111870422163e-06
5.600000000000071067e-04	7.142756829287823094e-06
6.000000000000080790e-04	7.232251383822435660e-06
6.400000000000090512e-04	6.361976593743169276e-06
6.800000000000100235e-04	6.171258418240844751e-06
7.200000000000109958e-04	5.792016003045377579e-06
7.600000000000119681e-04	5.988466380172567656e-06
8.000000000000129403e-04	6.058369442667096249e-06
8.400000000000139126e-04	6.389286915316447313e-06
8.800000000000148849e-04	6.735074982426710837e-06
9.200000000000158572e-04	6.998582615991735333e-06
9.600000000000168295e-04	7.356460624185127618e-06
1.000000000000015200e-03	7.572058784795531953e-06
1.040000000000011835e-03	7.962131884517020870e-06
1.080000000000008471e-03	8.211414970414985737e-06
1.120000000000005106e-03	8.545213566023203856e-06
1.160000000000001742e-03	8.731345901753385100e-06
1.199999999999998377e-03	8.905204147042376843e-06
1.239999999999995012e-03	9.080395023418578874e-06
1.279999999999991648e-03	9.153331597152273915e-06
1.319999999999988283e-03	9.293382009156621576e-06
1.359999999999984919e-03	9.233085888341660276e-06
1.399999999999981554e-03	9.108115759512833745e-06
1.439999999999978190e-03	8.877554531535712605e-06
1.479999999999974825e-03	8.557303493092849285e-06
1.519999999999971461e-03	8.357330413917492227e-06
1.559999999999968096e-03	8.197192606179772281e-06
1.599999999999964732e-03	8.174143970926985505e-06
1.639999999999961367e-03	8.074500304583403880e-06
1.679999999999958003e-03	7.989723619045905107e-06
1.719999999999954638e-03	7.723266680536981267e-06
1.759999999999951274e-03	7.394887924876145415e-06
1.799999999999947909e-03	6.849216686922460562e-06
1.839999999999944544e-03	6.061198542322915737e-06
1.879999999999941180e-03	5.108915653979872533e-06
1.919999999999937815e-03	3.975869313328965874e-06
1.959999999999935752e-03	2.932537536243580929e-06
1.999999999999941061e-03	2.033378837969214145e-06
2.039999999999946370e-03	1.432973575394940174e-06
2.079999999999951679e-03	1.111499359049707041e-06
2.119999999999956988e-03	9.567762924825240356e-07
2.159999999999962297e-03	9.061265862527925149e-07
2.199999999999967606e-03	8.260575271532455209e-07
2.239999999999972916e-03	7.235421969302695029e-07
2.279999999999978225e-03	4.958056690478177659e-07
2.319999999999983534e-03	2.050140994070159017e-07
2.359999999999988843e-03	-2.483899998910528913e-07
2.399999999999994152e-03	-8.010646760029147688e-07
2.439999999999999461e-03	-1.420905059197903378e-06
2.480000000000004770e-03	-2.131829434502399709e-06
2.520000000000010079e-03	-2.736393540710919025e-06
2.560000000000015388e-03	-3.258320795102920374e-06
2.600000000000020697e-03	-3.648706930278597865e-06
2.640000000000026006e-03	-3.927267672687055648e-06
2.680000000000031316e-03	-4.127976701286955479e-06
2.720000000000036625e-03	-4.257320281189992953e-06
2.760000000000041934e-03	-4.306595950509512668e-06
2.800000000000047243e-03	-4.303984162087491450e-06
2.840000000000052552e-03	-4.237299693186732347e-06
2.880000000000057861e-03	-4.154660773359553746e-06
2.920000000000063170e-03	-4.029914903647677506e-06
2.960000000000068479e-03	-3.907363214945352960e-06
3.000000000000073788e-03	-3.796373776007384366e-06
3.040000000000079097e-03	-3.682168997159283868e-06
3.080000000000084406e-03	-3.551752346417439605e-06
3.120000000000089715e-03	-3.392990419108549848e-06
3.160000000000095025e-03	-3.235285788838664555e-06
3.200000000000100334e-03	-3.065587911641381192e-06
3.240000000000105643e-03	-2.932129414729877309e-06
3.280000000000110952e-03	-2.784464426564877910e-06
3.320000000000116261e-03	-2.626074200529175520e-06
3.360000000000121570e-03	-2.409534908104473011e-06
3.400000000000126879e-03	-2.172095303508752059e-06
3.440000000000132188e-03	-1.919394962877906806e-06
3.480000000000137497e-03	-1.626912035331247240e-06
3.520000000000142806e-03	-1.368684621658196195e-06
3.560000000000148115e-03	-1.076751398317186409e-06
3.600000000000153424e-03	-8.165169578402206133e-07
3.640000000000158734e-03	-5.378515185794637785e-07
3.680000000000164043e-03	-2.842992280950418382e-07
3.720000000000169352e-03	-6.707497612430472112e-08
3.760000000000174661e-03	1.569967356363333472e-07
3.800000000000179970e-03	3.364688461485950866e-07
3.840000000000185279e-03	5.701429126122157973e-07
3.880000000000190588e-03	7.844132959954885034e-07
3.920000000000195897e-03	1.047786942496643169e-06
3.960000000000201206e-03	1.282491313903046538e-06
4.000000000000206515e-03	1.494493777566741725e-06
4.040000000000211824e-03	1.655545685017362576e-06
4.080000000000217134e-03	1.747763393699250581e-06
4.120000000000222443e-03	1.808612413774891322e-06
4.160000000000227752e-03	1.786069416345290814e-06
4.200000000000233061e-03	1.756121194016210538e-06
4.240000000000238370e-03	1.677711525422452633e-06
4.280000000000243679e-03	1.601902096714747627e-06
4.320000000000248988e-03	1.556788007453547050e-06
4.360000000000254297e-03	1.498643407816441878e-06
4.400000000000259606e-03	1.498900422932536692e-06
4.440000000000264915e-03	1.474465788623322031e-06
4.480000000000270224e-03	1.504719361069764388e-06
4.520000000000275533e-03	1.496660922119397677e-06
4.560000000000280843e-03	1.509348327113983284e-06
4.600000000000286152e-03	1.489768009799020164e-06
4.640000000000291461e-03	1.437115711814173045e-06
4.680000000000296770e-03	1.370392851692547316e-06
4.720000000000302079e-03	1.265126061326811098e-06
4.760000000000307388e-03	1.176346531342278799e-06
4.800000000000312697e-03	1.078762784429317002e-06
4.840000000000318006e-03	1.011121210030993372e-06
4.880000000000323315e-03	9.611745141565082759e-07
4.920000000000328624e-03	8.905760479954312454e-07
4.960000000000333933e-03	8.423907325764834470e-07
5.000000000000339243e-03	7.459581356089800567e-07
5.040000000000344552e-03	6.676073355986562070e-07
5.080000000000349861e-03	5.544176137233028023e-07
5.120000000000355170e-03	4.713897911476208729e-07
5.160000000000360479e-03	3.769740736283702518e-07
5.200000000000365788e-03	2.921854889212193905e-07
5.240000000000371097e-03	2.310845846788546688e-07
5.280000000000376406e-03	1.821606804564710213e-07
5.320000000000381715e-03	1.636466994321640211e-07
5.360000000000387024e-03	1.162859721179522934e-07
5.400000000000392333e-03	5.838961898908357475e-08
5.440000000000397642e-03	-5.101603735677895970e-08
5.480000000000402952e-03	-2.058628659571946727e-07
5.520000000000408261e-03	-3.900702721386916715e-07
5.560000000000413570e-03	-5.826754222425090700e-07
5.600000000000418879e-03	-7.307285731757776977e-07
5.640000000000424188e-03	-8.424681556415952473e-07
5.680000000000429497e-03	-9.002321018413826615e-07
5.720000000000434806e-03	-9.228929044132882067e-07
5.760000000000440115e-03	-9.284760412620835332e-07
5.800000000000445424e-03	-8.949868897999907359e-07
5.840000000000450733e-03	-8.679871427596653511e-07
5.880000000000456042e-03	-7.946372699046469307e-07
5.920000000000461352e-03	-7.437539755963972673e-07
5.960000000000466661e-03	-6.900220572822867839e-07
6.000000000000471970e-03	-6.616933356343725332e-07
6.040000000000477279e-03	-6.682083885801198970e-07
6.080000000000482588e-03	-6.927124801185731877e-07
6.120000000000487897e-03	-7.232202391720289574e-07
6.160000000000493206e-03	-7.326104784601722285e-07
6.200000000000498515e-03	-7.211420348714241914e-07
6.240000000000503824e-03	-6.965104208665639615e-07
6.280000000000509133e-03	-6.325602306837381587e-07
6.320000000000514442e-03	-5.638153637690306789e-07
6.360000000000519751e-03	-4.685740941591382682e-07
6.400000000000525061e-03	-3.822436083768994055e-07
6.440000000000530370e-03	-2.723714277178864009e-07
6.480000000000535679e-03	-1.845254304764863583e-07
6.520000000000540988e-03	-9.530599937469745467e-08
6.560000000000546297e-03	-2.788469561160774626e-08
6.600000000000551606e-03	2.732650086863294573e-09
6.640000000000556915e-03	3.954619554403764990e-08
6.680000000000562224e-03	4.627519031482960326e-08
6.720000000000567533e-03	4.942262472658209391e-08
6.760000000000572842e-03	5.519776935511377690e-08
6.800000000000578151e-03	5.281639434083321463e-08
6.840000000000583461e-03	7.455459886388864396e-08
6.880000000000588770e-03	8.106451837330765948e-08
6.920000000000594079e-03	1.024424456019249434e-07
6.960000000000599388e-03	1.157211560553414182e-07
7.000000000000604697e-03	1.404657923064314222e-07
