0.000000000000000000e+00	-5.699580594417760853e-31
3.999999999999998294e-05	-3.236209825637125073e-08
7.999999999999987102e-05	-2.057724215872689650e-06
1.199999999999997591e-04	-6.349146253126843905e-06
1.599999999999996607e-04	-1.369450764717329894e-05
1.999999999999995488e-04	-2.265424922730750328e-05
2.399999999999994369e-04	-3.070633075931812834e-05
2.800000000000003007e-04	-3.504972631429874639e-05
3.200000000000012730e-04	-3.355167406083064166e-05
3.600000000000022453e-04	-2.660566740202867226e-05
4.000000000000032176e-04	-1.615214427734319266e-05
4.400000000000041898e-04	-5.494144022787291151e-06
4.800000000000051621e-04	2.742513616533531918e-06
5.200000000000061344e-04	7.589653015507166769e-06
5.600000000000071067e-04	9.211851167953104602e-06
6.000000000000080790e-04	9.128735617694155649e-06
6.400000000000090512e-04	8.432961699006476055e-06
6.800000000000100235e-04	8.519362781139643226e-06
7.200000000000109958e-04	8.474332212271444280e-06
7.600000000000119681e-04	8.824297852475136979e-06
8.000000000000129403e-04	9.046826607972782605e-06
8.400000000000139126e-04	9.294424466304936866e-06
8.800000000000148849e-04	9.423454731085862746e-06
9.200000000000158572e-04	9.357931347850094239e-06
9.600000000000168295e-04	9.264459485391155025e-06
1.000000000000015200e-03	9.060495880280971197e-06
1.040000000000011835e-03	9.094362606241870045e-06
1.080000000000008471e-03	9.105121807236392798e-06
1.120000000000005106e-03	9.059933796067526793e-06
1.160000000000001742e-03	8.859596151056121826e-06
1.199999999999998377e-03	8.257124319882690408e-06
1.239999999999995012e-03	7.491952371703999291e-06
1.279999999999991648e-03	6.545049029200901701e-06
1.319999999999988283e-03	5.634574961159670296e-06
1.359999999999984919e-03	4.765259729588137180e-06
1.399999999999981554e-03	4.008250039838031473e-06
1.439999999999978190e-03	3.337852133894571562e-06
1.479999999999974825e-03	2.803201951129843048e-06
1.519999999999971461e-03	2.387225835009810337e-06
1.559999999999968096e-03	2.057588232854972276e-06
1.599999999999964732e-03	1.823873782099446109e-06
1.639999999999961367e-03	1.488928052292489748e-06
1.679999999999958003e-03	1.046311485015801072e-06
1.719999999999954638e-03	4.309742780485402894e-07
1.759999999999951274e-03	-2.122838612925616287e-07
1.799999999999947909e-03	-7.214060446693714878e-07
1.839999999999944544e-03	-9.933311221629773002e-07
1.879999999999941180e-03	-1.027146298103121921e-06
1.919999999999937815e-03	-9.013351293761428825e-07
1.959999999999935752e-03	-7.074850610870332920e-07
1.999999999999941061e-03	-5.309960393595495065e-07
2.039999999999946370e-03	-3.831160520856792662e-07
2.079999999999951679e-03	-2.655328337365186288e-07
2.119999999999956988e-03	-1.429719466062338755e-07
2.159999999999962297e-03	-1.450963669513570143e-07
2.199999999999967606e-03	-2.484158980027917607e-07
2.239999999999972916e-03	-5.076212302073440870e-07
2.279999999999978225e-03	-8.050573343654812182e-07
2.319999999999983534e-03	-9.779261931871309955e-07
2.359999999999988843e-03	-1.034025522965992171e-06
2.399999999999994152e-03	-9.175858222567302182e-07
2.439999999999999461e-03	-7.546404155712846631e-07
2.480000000000004770e-03	-6.124324968833107202e-07
2.520000000000010079e-03	-5.587439788453715086e-07
2.560000000000015388e-03	-5.938670527385476772e-07
2.600000000000020697e-03	-5.849143848424272940e-07
2.640000000000026006e-03	-5.685887628242534193e-07
2.680000000000031316e-03	-4.866617583261208297e-07
2.720000000000036625e-03	-3.908026336224563501e-07
2.760000000000041934e-03	-3.223976349226220833e-07
2.800000000000047243e-03	-2.585939820915746711e-07
2.840000000000052552e-03	-2.273532614411450870e-07
2.880000000000057861e-03	-1.471082057075270959e-07
2.920000000000063170e-03	-1.064908715324460016e-07
2.960000000000068479e-03	-4.871873172224333984e-08
3.000000000000073788e-03	-2.592210177504875672e-08
3.040000000000079097e-03	-8.046923756410736309e-08
3.080000000000084406e-03	-1.335297111536336870e-07
3.120000000000089715e-03	-2.226022124807957517e-07
3.160000000000095025e-03	-3.148594849955698982e-07
3.200000000000100334e-03	-4.092241830817882715e-07
3.240000000000105643e-03	-5.170666126460286432e-07
3.280000000000110952e-03	-5.987785244246178398e-07
3.320000000000116261e-03	-6.765888183390592413e-07
3.360000000000121570e-03	-6.996715724685473417e-07
3.400000000000126879e-03	-7.026197805199471748e-07
3.440000000000132188e-03	-6.955344845356878773e-07
3.480000000000137497e-03	-7.423260216419080598e-07
3.520000000000142806e-03	-8.330065404501526040e-07
3.560000000000148115e-03	-9.174701231017207611e-07
3.600000000000153424e-03	-9.927171013027081121e-07
3.640000000000158734e-03	-9.813879935926575189e-07
3.680000000000164043e-03	-9.019760047428274510e-07
3.720000000000169352e-03	-7.592234707451066994e-07
3.760000000000174661e-03	-5.702016715596712863e-07
3.800000000000179970e-03	-4.013568307633780451e-07
3.840000000000185279e-03	-2.208356996922776187e-07
3.880000000000190588e-03	-5.684175494227318762e-08
3.920000000000195897e-03	1.503812069761371081e-07
3.960000000000201206e-03	2.866974759833178937e-07
4.000000000000206515e-03	3.995125446887031390e-07
4.040000000000211824e-03	4.657394128627118692e-07
4.080000000000217134e-03	5.041529608201156317e-07
4.120000000000222443e-03	5.532227514872222452e-07
4.160000000000227752e-03	5.901264211216846390e-07
4.200000000000233061e-03	6.431888395684494239e-07
4.240000000000238370e-03	6.905433870963313026e-07
4.280000000000243679e-03	7.126075275085861654e-07
4.320000000000248988e-03	7.239609078961080644e-07
4.360000000000254297e-03	6.784568701580672303e-07
4.400000000000259606e-03	6.337535479241636843e-07
4.440000000000264915e-03	5.908135653850843613e-07
4.480000000000270224e-03	5.236877295863514840e-07
4.520000000000275533e-03	4.621846244873335422e-07
4.560000000000280843e-03	4.080557018261729992e-07
4.600000000000286152e-03	3.757482021156510751e-07
4.640000000000291461e-03	3.680208962177129880e-07
4.680000000000296770e-03	3.739781662874077374e-07
4.720000000000302079e-03	4.028204706856446504e-07
4.760000000000307388e-03	3.959178595556280734e-07
4.800000000000312697e-03	3.978210578641748502e-07
4.840000000000318006e-03	3.599530698630658576e-07
4.880000000000323315e-03	3.252801078749157129e-07
4.920000000000328624e-03	2.695607032719962509e-07
4.960000000000333933e-03	2.136817934792863776e-07
5.000000000000339243e-03	1.457531250322431016e-07
5.040000000000344552e-03	7.373714221823436557e-08
5.080000000000349861e-03	-8.501320113188472348e-09
5.120000000000355170e-03	-7.948295434148562375e-08
5.160000000000360479e-03	-1.429877743092505218e-07
5.200000000000365788e-03	-1.782416437093803699e-07
5.240000000000371097e-03	-2.013639896343576539e-07
5.280000000000376406e-03	-2.341934819782505890e-07
5.320000000000381715e-03	-2.478666144606415121e-07
5.360000000000387024e-03	-2.626013682075747096e-07
5.400000000000392333e-03	-2.485307159558140160e-07
5.440000000000397642e-03	-2.094753461986667594e-07
5.480000000000402952e-03	-1.606344420133500296e-07
5.520000000000408261e-03	-9.548924476413187458e-08
5.560000000000413570e-03	-1.956891378560061233e-08
5.600000000000418879e-03	4.098747683018671383e-08
5.640000000000424188e-03	7.155040196140760849e-08
5.680000000000429497e-03	6.994113456465749466e-08
5.720000000000434806e-03	4.911751311158879919e-08
5.760000000000440115e-03	9.882372776436422007e-09
5.800000000000445424e-03	-3.441165903119370007e-08
5.840000000000450733e-03	-6.298150006107515237e-08
5.880000000000456042e-03	-6.203162812817603956e-08
5.920000000000461352e-03	-5.860107800716361720e-08
5.960000000000466661e-03	-3.660732119370967656e-08
6.000000000000471970e-03	-1.643701321421000120e-08
6.040000000000477279e-03	-1.174373797847009670e-09
6.080000000000482588e-03	5.412870651754046770e-09
6.120000000000487897e-03	1.692908130065037905e-08
6.160000000000493206e-03	3.413593457554433677e-08
6.200000000000498515e-03	3.829570587570039639e-08
6.240000000000503824e-03	4.044953028163871698e-08
6.280000000000509133e-03	3.966048992312545672e-08
6.320000000000514442e-03	3.127628207974623839e-08
6.360000000000519751e-03	2.871877121236531830e-08
6.400000000000525061e-03	1.198839700276791048e-08
6.440000000000530370e-03	-9.205911333873535473e-09
6.480000000000535679e-03	-5.116006608628429236e-08
6.520000000000540988e-03	-8.232824321751288845e-08
6.560000000000546297e-03	-1.221409642924699253e-07
6.600000000000551606e-03	-1.292058888397372570e-07
6.640000000000556915e-03	-1.143601973439608227e-07
6.680000000000562224e-03	-8.117095351615697756e-08
6.720000000000567533e-03	-4.189365775468543592e-08
6.760000000000572842e-03	-1.529519216897117544e-08
6.800000000000578151e-03	4.871625450545105671e-09
6.840000000000583461e-03	1.405385693076303428e-08
6.880000000000588770e-03	7.508794141971086527e-09
6.920000000000594079e-03	-6.817210393939624845e-09
6.960000000000599388e-03	-2.901501548908048011e-08
7.000000000000604697e-03	-5.963517800754399452e-08
