0.000000000000000000e+00	-6.505324885531665388e-30
3.999999999999998294e-05	-3.070717191778116558e-08
7.999999999999987102e-05	-2.052351357748058501e-06
1.199999999999997591e-04	-6.340068184961277651e-06
1.599999999999996607e-04	-1.366899818642943628e-05
1.999999999999995488e-04	-2.270644621054337047e-05
2.399999999999994369e-04	-3.099879125538617389e-05
2.800000000000003007e-04	-3.561268660764535673e-05
3.200000000000012730e-04	-3.434083541717550096e-05
3.600000000000022453e-04	-2.751914614502653974e-05
4.000000000000032176e-04	-1.694152064825082325e-05
4.400000000000041898e-04	-6.123107657747249937e-06
4.800000000000051621e-04	2.397851110602229253e-06
5.200000000000061344e-04	7.357244010170574466e-06
5.600000000000071067e-04	9.109107208246426080e-06
6.000000000000080790e-04	9.144533378597212463e-06
6.400000000000090512e-04	8.707794563585941557e-06
6.800000000000100235e-04	9.295614916954950761e-06
7.200000000000109958e-04	9.829301002765672990e-06
7.600000000000119681e-04	1.081489583427304988e-05
8.000000000000129403e-04	1.147579179256381241e-05
8.400000000000139126e-04	1.206617262599954197e-05
8.800000000000148849e-04	1.223364757641256927e-05
9.200000000000158572e-04	1.204256211005077592e-05
9.600000000000168295e-04	1.164624840351553381e-05
1.000000000000015200e-03	1.092783096492437456e-05
1.040000000000011835e-03	1.020449624509499148e-05
1.080000000000008471e-03	9.364662234519929474e-06
1.120000000000005106e-03	8.525295379907044173e-06
1.160000000000001742e-03	7.673285198679448922e-06
1.199999999999998377e-03	6.763127425603457984e-06
1.239999999999995012e-03	5.926888142237241573e-06
1.279999999999991648e-03	5.109091760409441853e-06
1.319999999999988283e-03	4.431322671282667606e-06
1.359999999999984919e-03	3.730553902699790858e-06
1.399999999999981554e-03	3.132376163917159545e-06
1.439999999999978190e-03	2.538952152002854321e-06
1.479999999999974825e-03	1.964155285366657352e-06
1.519999999999971461e-03	1.506401942478906651e-06
1.559999999999968096e-03	1.095895468922864456e-06
1.599999999999964732e-03	7.442531325390306346e-07
1.639999999999961367e-03	3.800650504352458467e-07
1.679999999999958003e-03	-5.669587936115463711e-08
1.719999999999954638e-03	-6.192745673176959154e-07
1.759999999999951274e-03	-1.236739480687226221e-06
1.799999999999947909e-03	-1.771358478803167055e-06
1.839999999999944544e-03	-2.095726973724758253e-06
1.879999999999941180e-03	-2.060011356428707386e-06
1.919999999999937815e-03	-1.673323588709895081e-06
1.959999999999935752e-03	-1.004106934145848279e-06
1.999999999999941061e-03	-2.677287224768473079e-07
2.039999999999946370e-03	3.635623602144537527e-07
2.079999999999951679e-03	7.722427918766470171e-07
2.119999999999956988e-03	9.109755291361041155e-07
2.159999999999962297e-03	8.164803336712026252e-07
2.199999999999967606e-03	5.948049899224060661e-07
2.239999999999972916e-03	3.167565610534442894e-07
2.279999999999978225e-03	5.120427684458716121e-08
2.319999999999983534e-03	-1.939938142460983523e-07
2.359999999999988843e-03	-4.650586861187580506e-07
2.399999999999994152e-03	-7.365743485891428414e-07
2.439999999999999461e-03	-9.865691096937357298e-07
2.480000000000004770e-03	-1.205008408052408586e-06
2.520000000000010079e-03	-1.355192842101949984e-06
2.560000000000015388e-03	-1.375512864561269521e-06
2.600000000000020697e-03	-1.312891665471888517e-06
2.640000000000026006e-03	-1.233666928048696383e-06
2.680000000000031316e-03	-1.147199697220166165e-06
2.720000000000036625e-03	-1.092121595864692291e-06
2.760000000000041934e-03	-1.054855059505986123e-06
2.800000000000047243e-03	-9.776547773389323328e-07
2.840000000000052552e-03	-8.221731928246237324e-07
2.880000000000057861e-03	-6.002652522624735368e-07
2.920000000000063170e-03	-3.844683137581912837e-07
2.960000000000068479e-03	-1.632816177973236338e-07
3.000000000000073788e-03	-1.813020659332693273e-08
3.040000000000079097e-03	5.809935983548768464e-08
3.080000000000084406e-03	5.859547033679441536e-08
3.120000000000089715e-03	6.339022637908418223e-08
3.160000000000095025e-03	2.518735596454310750e-09
3.200000000000100334e-03	-9.909105386892662216e-08
3.240000000000105643e-03	-2.533518255964472279e-07
3.280000000000110952e-03	-4.471183279285675601e-07
3.320000000000116261e-03	-5.961701898815312970e-07
3.360000000000121570e-03	-6.491406036398031255e-07
3.400000000000126879e-03	-6.170494752501460723e-07
3.440000000000132188e-03	-4.711065225757076720e-07
3.480000000000137497e-03	-2.935033019425300203e-07
3.520000000000142806e-03	-1.051087466626635044e-07
3.560000000000148115e-03	4.179284966752534160e-08
3.600000000000153424e-03	1.472407635987350345e-07
3.640000000000158734e-03	2.327014960833552811e-07
3.680000000000164043e-03	3.229247570852203886e-07
3.720000000000169352e-03	3.826434225072117093e-07
3.760000000000174661e-03	4.424278521715042818e-07
3.800000000000179970e-03	4.797610359335529672e-07
3.840000000000185279e-03	4.888134252177252440e-07
3.880000000000190588e-03	4.473316623998735770e-07
3.920000000000195897e-03	3.592946648675478877e-07
3.960000000000201206e-03	2.517102553803009525e-07
4.000000000000206515e-03	1.387270511812057271e-07
4.040000000000211824e-03	5.973725738152061322e-08
4.080000000000217134e-03	5.336638353017422960e-08
4.120000000000222443e-03	1.304980765638658553e-07
4.160000000000227752e-03	2.880619849070421582e-07
4.200000000000233061e-03	4.865553572655910745e-07
4.240000000000238370e-03	6.484703359211050059e-07
4.280000000000243679e-03	7.306454701894590620e-07
4.320000000000248988e-03	7.237378010312242398e-07
4.360000000000254297e-03	6.048771480185946279e-07
4.400000000000259606e-03	4.271686793423211182e-07
4.440000000000264915e-03	2.364267869985150702e-07
4.480000000000270224e-03	6.974946257012785115e-08
4.520000000000275533e-03	-1.888093155643148740e-08
4.560000000000280843e-03	-3.254576477558047377e-08
4.600000000000286152e-03	1.351373512459854754e-08
4.640000000000291461e-03	8.497217931286144163e-08
4.680000000000296770e-03	1.594275454757690433e-07
4.720000000000302079e-03	2.123824434624122475e-07
4.760000000000307388e-03	2.230968828441683857e-07
4.800000000000312697e-03	1.878670013308840780e-07
4.840000000000318006e-03	1.445413044917275220e-07
4.880000000000323315e-03	6.374994874646788366e-08
4.920000000000328624e-03	-4.820311468796729487e-08
4.960000000000333933e-03	-1.696067867785677068e-07
5.000000000000339243e-03	-2.618966350411846530e-07
5.040000000000344552e-03	-3.303013363879336936e-07
5.080000000000349861e-03	-3.473646197118104188e-07
5.120000000000355170e-03	-3.228937533881873217e-07
5.160000000000360479e-03	-2.940526723606241920e-07
5.200000000000365788e-03	-2.592242037750345256e-07
5.240000000000371097e-03	-2.234100411324126934e-07
5.280000000000376406e-03	-1.902993422721313030e-07
5.320000000000381715e-03	-1.258656766178355854e-07
5.360000000000387024e-03	-6.352934127361138062e-08
5.400000000000392333e-03	3.335504152059515767e-08
5.440000000000397642e-03	6.348590843060797967e-08
5.480000000000402952e-03	7.541055677020723447e-08
5.520000000000408261e-03	4.872546213245138528e-08
5.560000000000413570e-03	6.752727396932626627e-09
5.600000000000418879e-03	-2.444137911181114027e-08
5.640000000000424188e-03	-5.802697270501790619e-08
5.680000000000429497e-03	-3.801581528041368337e-08
5.720000000000434806e-03	-4.362503513479743513e-08
5.760000000000440115e-03	-3.708929457012391055e-08
5.800000000000445424e-03	-2.217756122618488293e-08
5.840000000000450733e-03	-1.576196493595649188e-08
5.880000000000456042e-03	2.517177546215673670e-08
5.920000000000461352e-03	4.527756290337255911e-08
5.960000000000466661e-03	1.043179851077610866e-07
6.000000000000471970e-03	1.007013186058923799e-07
6.040000000000477279e-03	9.650520868321084905e-08
6.080000000000482588e-03	8.833917796668032280e-08
6.120000000000487897e-03	8.725524944025662343e-08
6.160000000000493206e-03	1.065181439348331042e-07
6.200000000000498515e-03	1.210738912023915788e-07
6.240000000000503824e-03	1.594147655232755900e-07
6.280000000000509133e-03	1.482004399278527493e-07
6.320000000000514442e-03	1.372554099337751514e-07
6.360000000000519751e-03	8.845080595119086470e-08
6.400000000000525061e-03	4.939412916797956745e-08
6.440000000000530370e-03	6.415004127201097777e-09
6.480000000000535679e-03	-5.022869625620476377e-08
6.520000000000540988e-03	-9.164119020114023630e-08
6.560000000000546297e-03	-1.512170282758019934e-07
6.600000000000551606e-03	-1.660022604578014788e-07
6.640000000000556915e-03	-1.704120306241349373e-07
6.680000000000562224e-03	-1.567534501040784508e-07
6.720000000000567533e-03	-1.317429918981545464e-07
6.760000000000572842e-03	-9.634535856913638783e-08
6.800000000000578151e-03	-6.139206719751508955e-08
6.840000000000583461e-03	-3.072292382835581964e-08
6.880000000000588770e-03	1.158310879033550644e-08
6.920000000000594079e-03	5.158610836246153561e-08
6.960000000000599388e-03	1.022997156987750314e-07
7.000000000000604697e-03	1.362136438391066313e-07
