0.000000000000000000e+00	-4.342255754156078638e-30
3.999999999999998294e-05	-2.617225638718791865e-08
7.999999999999987102e-05	-2.046096582360698684e-06
1.199999999999997591e-04	-6.320652420497269419e-06
1.599999999999996607e-04	-1.366214003475729085e-05
1.999999999999995488e-04	-2.259760274886486519e-05
2.399999999999994369e-04	-3.067406682531168037e-05
2.800000000000003007e-04	-3.500817366969057471e-05
3.200000000000012730e-04	-3.339963480803270182e-05
3.600000000000022453e-04	-2.620840699922053705e-05
4.000000000000032176e-04	-1.543370885521097872e-05
4.400000000000041898e-04	-4.532279608825935405e-06
4.800000000000051621e-04	3.732847800721972594e-06
5.200000000000061344e-04	8.183365180954722785e-06
5.600000000000071067e-04	9.173944879746464951e-06
6.000000000000080790e-04	8.265519376386661944e-06
6.400000000000090512e-04	6.893146221234289283e-06
6.800000000000100235e-04	6.617496551629023229e-06
7.200000000000109958e-04	6.571916885079941141e-06
7.600000000000119681e-04	7.197913312068565783e-06
8.000000000000129403e-04	7.725285031083182851e-06
8.400000000000139126e-04	8.207414406970290144e-06
8.800000000000148849e-04	8.358841557213084897e-06
9.200000000000158572e-04	8.128567663669220079e-06
9.600000000000168295e-04	7.835455141948562970e-06
1.000000000000015200e-03	7.476852970014900805e-06
1.040000000000011835e-03	7.456212364301452495e-06
1.080000000000008471e-03	7.673300414180008789e-06
1.120000000000005106e-03	8.022756874016340667e-06
1.160000000000001742e-03	8.325416208955127350e-06
1.199999999999998377e-03	8.296596044099003700e-06
1.239999999999995012e-03	7.888979133170078911e-06
1.279999999999991648e-03	7.143190046731748543e-06
1.319999999999988283e-03	6.146250041219952710e-06
1.359999999999984919e-03	5.133678091973913307e-06
1.399999999999981554e-03	4.128573581002898061e-06
1.439999999999978190e-03	3.359788582830414037e-06
1.479999999999974825e-03	2.703222684259711661e-06
1.519999999999971461e-03	2.351756581672104572e-06
1.559999999999968096e-03	2.176711554203580173e-06
1.599999999999964732e-03	2.189714818777955444e-06
1.639999999999961367e-03	2.242455908157684352e-06
1.679999999999958003e-03	2.235076525721904020e-06
1.719999999999954638e-03	2.107995537004995999e-06
1.759999999999951274e-03	1.843354762202482394e-06
1.799999999999947909e-03	1.601394196863019155e-06
1.839999999999944544e-03	1.400177248460170559e-06
1.879999999999941180e-03	1.276436020110139670e-06
1.919999999999937815e-03	1.260896651480674570e-06
1.959999999999935752e-03	1.260919457719351869e-06
1.999999999999941061e-03	1.260637821353327222e-06
2.039999999999946370e-03	1.205322328532284633e-06
2.079999999999951679e-03	1.090745505389773218e-06
2.119999999999956988e-03	9.204420377775299031e-07
2.159999999999962297e-03	6.597819879366549663e-07
2.199999999999967606e-03	3.351624741597956964e-07
2.239999999999972916e-03	-7.986258796516679529e-08
2.279999999999978225e-03	-4.835570210262678319e-07
2.319999999999983534e-03	-7.688272637497027809e-07
2.359999999999988843e-03	-9.225542272864650008e-07
2.399999999999994152e-03	-9.490476301542611345e-07
2.439999999999999461e-03	-8.917270896531262278e-07
2.480000000000004770e-03	-8.175838044420631346e-07
2.520000000000010079e-03	-8.091841352158326389e-07
2.560000000000015388e-03	-8.201362322966041777e-07
2.600000000000020697e-03	-8.377249341558646148e-07
2.640000000000026006e-03	-8.649110968106877022e-07
2.680000000000031316e-03	-8.283473899777557876e-07
2.720000000000036625e-03	-8.496427765500434377e-07
2.760000000000041934e-03	-8.520385594142366575e-07
2.800000000000047243e-03	-8.735421876357202676e-07
2.840000000000052552e-03	-8.755763797614482120e-07
2.880000000000057861e-03	-8.434393168476789631e-07
2.920000000000063170e-03	-7.855527615293066534e-07
2.960000000000068479e-03	-7.243656126632363117e-07
3.000000000000073788e-03	-6.833574752101807423e-07
3.040000000000079097e-03	-7.115307436871547519e-07
3.080000000000084406e-03	-7.847155135699493366e-07
3.120000000000089715e-03	-8.301816343553495760e-07
3.160000000000095025e-03	-8.738147380859532992e-07
3.200000000000100334e-03	-8.981956624949970245e-07
3.240000000000105643e-03	-9.179402104616276559e-07
3.280000000000110952e-03	-9.830795515875984005e-07
3.320000000000116261e-03	-1.035045652266661904e-06
3.360000000000121570e-03	-1.094364674776826226e-06
3.400000000000126879e-03	-1.112134848808204431e-06
3.440000000000132188e-03	-1.110751904246092759e-06
3.480000000000137497e-03	-1.059307539978631897e-06
3.520000000000142806e-03	-1.011240786726153180e-06
3.560000000000148115e-03	-9.526430863270434545e-07
3.600000000000153424e-03	-8.841678691018808660e-07
3.640000000000158734e-03	-8.091907377233416608e-07
3.680000000000164043e-03	-7.155309562058663046e-07
3.720000000000169352e-03	-6.535536777510056392e-07
3.760000000000174661e-03	-5.786860190692308224e-07
3.800000000000179970e-03	-5.296763037113577492e-07
3.840000000000185279e-03	-4.681519825354670809e-07
3.880000000000190588e-03	-3.695184744149274663e-07
3.920000000000195897e-03	-2.711106535152084619e-07
3.960000000000201206e-03	-1.320784385705107042e-07
4.000000000000206515e-03	-2.984440620670266390e-08
4.040000000000211824e-03	7.716488593136109524e-08
4.080000000000217134e-03	1.884509761932288784e-07
4.120000000000222443e-03	3.329890496080203241e-07
4.160000000000227752e-03	5.008115945606035228e-07
4.200000000000233061e-03	6.522479335936302299e-07
4.240000000000238370e-03	7.877719768244577065e-07
4.280000000000243679e-03	8.355894574300546901e-07
4.320000000000248988e-03	8.162503153789893260e-07
4.360000000000254297e-03	7.313159302167090050e-07
4.400000000000259606e-03	6.223548598749339029e-07
4.440000000000264915e-03	5.505105001745936453e-07
4.480000000000270224e-03	4.737980445273784023e-07
4.520000000000275533e-03	4.662226777080421180e-07
4.560000000000280843e-03	4.713556486879180687e-07
4.600000000000286152e-03	4.525649149166846869e-07
4.640000000000291461e-03	4.678714133815207493e-07
4.680000000000296770e-03	4.204630353193562422e-07
4.720000000000302079e-03	3.893596644252271485e-07
4.760000000000307388e-03	3.107603806209136507e-07
4.800000000000312697e-03	2.455902527268271980e-07
4.840000000000318006e-03	1.631549213206797243e-07
4.880000000000323315e-03	5.261699797711021834e-08
4.920000000000328624e-03	-2.506748195940126435e-08
4.960000000000333933e-03	-9.811980516250679326e-08
5.000000000000339243e-03	-1.097695439241283040e-07
5.040000000000344552e-03	-8.259939696455422035e-08
5.080000000000349861e-03	2.320749553684788344e-08
5.120000000000355170e-03	1.604673543595745294e-07
5.160000000000360479e-03	2.929017515385465468e-07
5.200000000000365788e-03	4.401672981914419885e-07
5.240000000000371097e-03	5.537497522620190998e-07
5.280000000000376406e-03	6.728844916382647497e-07
5.320000000000381715e-03	7.467906171834855942e-07
5.360000000000387024e-03	8.233629191785259411e-07
5.400000000000392333e-03	8.348086204861681844e-07
5.440000000000397642e-03	7.686515249488374800e-07
5.480000000000402952e-03	6.666629696969330300e-07
5.520000000000408261e-03	5.159364413861365458e-07
5.560000000000413570e-03	3.594117710510790305e-07
5.600000000000418879e-03	2.387568956141103363e-07
5.640000000000424188e-03	1.498289323098149027e-07
5.680000000000429497e-03	1.018813554790241456e-07
5.720000000000434806e-03	6.114586996991205496e-08
5.760000000000440115e-03	2.779060817538779477e-08
5.800000000000445424e-03	-1.361145007818982909e-09
5.840000000000450733e-03	-3.762726180688126004e-08
5.880000000000456042e-03	-5.199155134370849243e-08
5.920000000000461352e-03	-6.986661102228288709e-08
5.960000000000466661e-03	-7.784014843023772810e-08
6.000000000000471970e-03	-1.103666033293723754e-07
6.040000000000477279e-03	-1.419817599386518753e-07
6.080000000000482588e-03	-1.645658915870915533e-07
6.120000000000487897e-03	-2.068576323534624817e-07
6.160000000000493206e-03	-2.183068955126819249e-07
6.200000000000498515e-03	-2.549311359372071301e-07
6.240000000000503824e-03	-2.810434374355747364e-07
6.280000000000509133e-03	-3.245117583254737963e-07
6.320000000000514442e-03	-3.628575829663443918e-07
6.360000000000519751e-03	-3.935810180728746332e-07
6.400000000000525061e-03	-3.989486160635842929e-07
6.440000000000530370e-03	-3.845081831863328685e-07
6.480000000000535679e-03	-3.668666559908625212e-07
6.520000000000540988e-03	-3.356544754543557769e-07
6.560000000000546297e-03	-3.011095385924654462e-07
6.600000000000551606e-03	-2.519918883007094430e-07
6.640000000000556915e-03	-2.018316488555583312e-07
6.680000000000562224e-03	-1.718230223625976157e-07
6.720000000000567533e-03	-1.524923681580904656e-07
6.760000000000572842e-03	-1.510063422185831970e-07
6.800000000000578151e-03	-1.756744284896770585e-07
6.840000000000583461e-03	-1.930847415039749405e-07
6.880000000000588770e-03	-2.092899118653880302e-07
6.920000000000594079e-03	-1.961106696208979064e-07
6.960000000000599388e-03	-1.753787348383576221e-07
7.000000000000604697e-03	-1.406449363125984415e-07
