0.000000000000000000e+00	-1.931633578134192344e-30
3.999999999999998294e-05	-3.213072401577765262e-08
7.999999999999987102e-05	-2.079815318241063732e-06
1.199999999999997591e-04	-6.641500206910478223e-06
1.599999999999996607e-04	-1.482881550733613046e-05
1.999999999999995488e-04	-2.545243519932891891e-05
2.399999999999994369e-04	-3.598384425741679531e-05
2.800000000000003007e-04	-4.293306414001490413e-05
3.200000000000012730e-04	-4.333066083009283611e-05
3.600000000000022453e-04	-3.672712603001493831e-05
4.000000000000032176e-04	-2.460714869573577134e-05
4.400000000000041898e-04	-1.059746892826281115e-05
4.800000000000051621e-04	1.806691054796231669e-06
5.200000000000061344e-04	1.063440383176667346e-05
5.600000000000071067e-04	1.530874860027780878e-05
6.000000000000080790e-04	1.701038572772536282e-05
6.400000000000090512e-04	1.714877825023871730e-05
6.800000000000100235e-04	1.731028636185253365e-05
7.200000000000109958e-04	1.706020963664148723e-05
7.600000000000119681e-04	1.688309843190068921e-05
8.000000000000129403e-04	1.630823754916613252e-05
8.400000000000139126e-04	1.563124541320425420e-05
8.800000000000148849e-04	1.467395580034164756e-05
9.200000000000158572e-04	1.364887061621521415e-05
9.600000000000168295e-04	1.269254391892290030e-05
1.000000000000015200e-03	1.162339225328916617e-05
1.040000000000011835e-03	1.075930615597769036e-05
1.080000000000008471e-03	9.784141031576684095e-06
1.120000000000005106e-03	8.775481306047603928e-06
1.160000000000001742e-03	7.768955479323467943e-06
1.199999999999998377e-03	6.613078500078888188e-06
1.239999999999995012e-03	5.476942915499491047e-06
1.279999999999991648e-03	4.330421695706997757e-06
1.319999999999988283e-03	3.194768504396747254e-06
1.359999999999984919e-03	2.080697906060999995e-06
1.399999999999981554e-03	1.128959612639464917e-06
1.439999999999978190e-03	4.198799449383739963e-07
1.479999999999974825e-03	4.674127363309264682e-08
1.519999999999971461e-03	-6.776523460713213354e-08
1.559999999999968096e-03	-7.594365867814726831e-08
1.599999999999964732e-03	-1.183485434516538954e-07
1.639999999999961367e-03	-3.378896101172145681e-07
1.679999999999958003e-03	-7.040477358138641931e-07
1.719999999999954638e-03	-1.112649448481314571e-06
1.759999999999951274e-03	-1.408132355839979985e-06
1.799999999999947909e-03	-1.473440699870467475e-06
1.839999999999944544e-03	-1.365106382147939523e-06
1.879999999999941180e-03	-1.214121142171717701e-06
1.919999999999937815e-03	-1.077429497197997136e-06
1.959999999999935752e-03	-1.014905460321302171e-06
1.999999999999941061e-03	-9.744830765716523347e-07
2.039999999999946370e-03	-8.943082234776336518e-07
2.079999999999951679e-03	-7.347371302331340051e-07
2.119999999999956988e-03	-5.479728038900037818e-07
2.159999999999962297e-03	-4.146944785302464972e-07
2.199999999999967606e-03	-4.119752428324024772e-07
2.239999999999972916e-03	-5.210479069952401000e-07
2.279999999999978225e-03	-6.613162516285321176e-07
2.319999999999983534e-03	-7.257255537633240058e-07
2.359999999999988843e-03	-6.842499074246739800e-07
2.399999999999994152e-03	-5.288836055490823941e-07
2.439999999999999461e-03	-3.249087565133375972e-07
2.480000000000004770e-03	-1.214671429034028813e-07
2.520000000000010079e-03	4.558831875481218155e-10
2.560000000000015388e-03	5.630874263495182742e-08
2.600000000000020697e-03	6.184785528105376642e-08
2.640000000000026006e-03	2.418699879877787678e-08
2.680000000000031316e-03	-2.645295660686007494e-08
2.720000000000036625e-03	-1.406542023743363659e-07
2.760000000000041934e-03	-2.658847723818503886e-07
2.800000000000047243e-03	-4.171252025517549750e-07
2.840000000000052552e-03	-5.776387383560479743e-07
2.880000000000057861e-03	-7.343185766015158382e-07
2.920000000000063170e-03	-8.664674868211197627e-07
2.960000000000068479e-03	-9.442479220451153910e-07
3.000000000000073788e-03	-1.000398240236984737e-06
3.040000000000079097e-03	-1.066899460100063871e-06
3.080000000000084406e-03	-1.117449003042555439e-06
3.120000000000089715e-03	-1.147526343460831215e-06
3.160000000000095025e-03	-1.138668741080185436e-06
3.200000000000100334e-03	-1.036609053842846985e-06
3.240000000000105643e-03	-8.210725478273464267e-07
3.280000000000110952e-03	-5.303867077330647626e-07
3.320000000000116261e-03	-1.977049796661960046e-07
3.360000000000121570e-03	1.108139696138504767e-07
3.400000000000126879e-03	3.277569629639136033e-07
3.440000000000132188e-03	4.584092679253275655e-07
3.480000000000137497e-03	4.912928362003479798e-07
3.520000000000142806e-03	4.986232026156822783e-07
3.560000000000148115e-03	4.862175453478948648e-07
3.600000000000153424e-03	4.578563333499261824e-07
3.640000000000158734e-03	4.554303378964894547e-07
3.680000000000164043e-03	4.432552706810467903e-07
3.720000000000169352e-03	4.526669840104250244e-07
3.760000000000174661e-03	4.891409908298722078e-07
3.800000000000179970e-03	5.384188596851072635e-07
3.840000000000185279e-03	5.871849627565241362e-07
3.880000000000190588e-03	6.219977239924716111e-07
3.920000000000195897e-03	6.269389394247912486e-07
3.960000000000201206e-03	5.956004235178640975e-07
4.000000000000206515e-03	5.379445885105676691e-07
4.040000000000211824e-03	4.844165690546772878e-07
4.080000000000217134e-03	4.357832860251528126e-07
4.120000000000222443e-03	3.961141886103569761e-07
4.160000000000227752e-03	3.586718462268925395e-07
4.200000000000233061e-03	3.415596254572084388e-07
4.240000000000238370e-03	3.500671818277661790e-07
4.280000000000243679e-03	3.732025582209435099e-07
4.320000000000248988e-03	4.118959126267565993e-07
4.360000000000254297e-03	4.367685349179646926e-07
4.400000000000259606e-03	4.302810054328471288e-07
4.440000000000264915e-03	3.723041055121568107e-07
4.480000000000270224e-03	2.587162813368880175e-07
4.520000000000275533e-03	1.214014105564399723e-07
4.560000000000280843e-03	-1.928355749268313623e-08
4.600000000000286152e-03	-1.427223108820670889e-07
4.640000000000291461e-03	-2.370329324361399584e-07
4.680000000000296770e-03	-3.145122090513394027e-07
4.720000000000302079e-03	-3.383954970332986485e-07
4.760000000000307388e-03	-3.279503438031088315e-07
4.800000000000312697e-03	-2.776485511737676306e-07
4.840000000000318006e-03	-1.967567838303133373e-07
4.880000000000323315e-03	-1.122976886549987037e-07
4.920000000000328624e-03	-3.674887882349618586e-08
4.960000000000333933e-03	-7.107439723280501124e-09
5.000000000000339243e-03	-2.745545117380515694e-08
5.040000000000344552e-03	-6.523558884811140911e-08
5.080000000000349861e-03	-1.146157497427844085e-07
5.120000000000355170e-03	-1.484868911305659199e-07
5.160000000000360479e-03	-1.777485048362903590e-07
5.200000000000365788e-03	-1.803444147887983830e-07
5.240000000000371097e-03	-1.794685137491701064e-07
5.280000000000376406e-03	-1.511583665524744475e-07
5.320000000000381715e-03	-1.255087134461099462e-07
5.360000000000387024e-03	-7.604111535113383498e-08
5.400000000000392333e-03	-2.590692950644289722e-08
5.440000000000397642e-03	1.733866096446269804e-08
5.480000000000402952e-03	6.006318450671201562e-08
5.520000000000408261e-03	8.403519072514730044e-08
5.560000000000413570e-03	7.786158689705034177e-08
5.600000000000418879e-03	7.270062353353214947e-08
5.640000000000424188e-03	3.589685292291129644e-08
5.680000000000429497e-03	-1.002679847480468041e-08
5.720000000000434806e-03	-6.714615594175104766e-08
5.760000000000440115e-03	-1.071794985233968944e-07
5.800000000000445424e-03	-1.491733731582852436e-07
5.840000000000450733e-03	-1.843429507109735972e-07
5.880000000000456042e-03	-1.981101447317537332e-07
5.920000000000461352e-03	-1.822309888997278680e-07
5.960000000000466661e-03	-1.516587751731776325e-07
6.000000000000471970e-03	-1.050673431639315643e-07
6.040000000000477279e-03	-4.094909131326484293e-08
6.080000000000482588e-03	2.869792388644912772e-08
6.120000000000487897e-03	6.475187519805021915e-08
6.160000000000493206e-03	1.086909629647008698e-07
6.200000000000498515e-03	1.266245073176909787e-07
6.240000000000503824e-03	1.310454636452952742e-07
6.280000000000509133e-03	1.098526236493934460e-07
6.320000000000514442e-03	8.242486303132451377e-08
6.360000000000519751e-03	4.997127910701535771e-08
6.400000000000525061e-03	1.710065849340105489e-08
6.440000000000530370e-03	-7.287418054826073869e-09
6.480000000000535679e-03	-2.222133292824429328e-08
6.520000000000540988e-03	-3.884013766815070250e-08
6.560000000000546297e-03	-4.869638671551812396e-08
6.600000000000551606e-03	-5.319985273229682790e-08
6.640000000000556915e-03	-4.382131845043002031e-08
6.680000000000562224e-03	-2.926742963826934684e-08
6.720000000000567533e-03	-7.285368299786934317e-09
6.760000000000572842e-03	2.903835633156175897e-08
6.800000000000578151e-03	5.335703485226902388e-08
6.840000000000583461e-03	7.812921692339913528e-08
6.880000000000588770e-03	1.084559002705666852e-07
6.920000000000594079e-03	1.310409509650079799e-07
6.960000000000599388e-03	1.481145272763250483e-07
7.000000000000604697e-03	1.526912396684104481e-07
