0.000000000000000000e+00	-2.074979619119084647e-30
3.999999999999998294e-05	-3.317213612374035445e-08
7.999999999999987102e-05	-2.073788231163416086e-06
1.199999999999997591e-04	-6.595353160241548295e-06
1.599999999999996607e-04	-1.479039314282152602e-05
1.999999999999995488e-04	-2.542748890284410459e-05
2.399999999999994369e-04	-3.591611631653225201e-05
2.800000000000003007e-04	-4.288727160073803216e-05
3.200000000000012730e-04	-4.313609206429621783e-05
3.600000000000022453e-04	-3.621838705477793560e-05
4.000000000000032176e-04	-2.368175771474497450e-05
4.400000000000041898e-04	-9.276729265292038551e-06
4.800000000000051621e-04	3.296382703306397591e-06
5.200000000000061344e-04	1.190066244446451369e-05
5.600000000000071067e-04	1.601949229566899276e-05
6.000000000000080790e-04	1.697856310368097896e-05
6.400000000000090512e-04	1.641700253303898669e-05
6.800000000000100235e-04	1.616559001609242576e-05
7.200000000000109958e-04	1.574745193828363442e-05
7.600000000000119681e-04	1.566624782036715518e-05
8.000000000000129403e-04	1.522693181818198320e-05
8.400000000000139126e-04	1.470427720636049689e-05
8.800000000000148849e-04	1.386622270312664348e-05
9.200000000000158572e-04	1.295904880189102808e-05
9.600000000000168295e-04	1.209349269020703505e-05
1.000000000000015200e-03	1.103898063228388197e-05
1.040000000000011835e-03	1.001686123442217261e-05
1.080000000000008471e-03	8.846724643516747766e-06
1.120000000000005106e-03	7.639607448525793587e-06
1.160000000000001742e-03	6.617867289989393794e-06
1.199999999999998377e-03	5.702299437119517186e-06
1.239999999999995012e-03	5.014590117637877497e-06
1.279999999999991648e-03	4.304941800834990758e-06
1.319999999999988283e-03	3.514667628661652888e-06
1.359999999999984919e-03	2.628459023714914041e-06
1.399999999999981554e-03	1.714035833532637703e-06
1.439999999999978190e-03	9.498761217706986463e-07
1.479999999999974825e-03	4.442287409546664662e-07
1.519999999999971461e-03	1.923280916023185504e-07
1.559999999999968096e-03	8.202267289477059324e-08
1.599999999999964732e-03	-4.116071522802750197e-08
1.639999999999961367e-03	-2.334064898955031299e-07
1.679999999999958003e-03	-4.506920813709593491e-07
1.719999999999954638e-03	-5.851738095578539847e-07
1.759999999999951274e-03	-5.874384804614936358e-07
1.799999999999947909e-03	-4.367332792559617663e-07
1.839999999999944544e-03	-2.218498818528717933e-07
1.879999999999941180e-03	-2.516450025659490028e-08
1.919999999999937815e-03	8.392324797596272973e-08
1.959999999999935752e-03	9.758261154347028798e-08
1.999999999999941061e-03	7.087588723365056357e-08
2.039999999999946370e-03	5.021883351621381146e-08
2.079999999999951679e-03	-2.018403561479777681e-08
2.119999999999956988e-03	-1.636935147797341353e-07
2.159999999999962297e-03	-4.045652848091732425e-07
2.199999999999967606e-03	-7.714053277049641208e-07
2.239999999999972916e-03	-1.169348198378891919e-06
2.279999999999978225e-03	-1.492588653751493915e-06
2.319999999999983534e-03	-1.612683480979155088e-06
2.359999999999988843e-03	-1.583930763270419171e-06
2.399999999999994152e-03	-1.375058864830314252e-06
2.439999999999999461e-03	-1.070374947923313155e-06
2.480000000000004770e-03	-8.116514630414480801e-07
2.520000000000010079e-03	-6.321382412582972640e-07
2.560000000000015388e-03	-5.453845227551375713e-07
2.600000000000020697e-03	-5.466893185910761025e-07
2.640000000000026006e-03	-5.736557961047927586e-07
2.680000000000031316e-03	-6.211006406855872650e-07
2.720000000000036625e-03	-6.338916860181141124e-07
2.760000000000041934e-03	-6.301418514766252220e-07
2.800000000000047243e-03	-5.716706583291620204e-07
2.840000000000052552e-03	-4.632794927914068776e-07
2.880000000000057861e-03	-3.137724560855114686e-07
2.920000000000063170e-03	-1.681361896854052056e-07
2.960000000000068479e-03	-2.660009402787273762e-08
3.000000000000073788e-03	6.027225145519310629e-08
3.040000000000079097e-03	3.317892913043411655e-08
3.080000000000084406e-03	-5.756466937984996312e-08
3.120000000000089715e-03	-1.716302823246831071e-07
3.160000000000095025e-03	-2.611885914426427380e-07
3.200000000000100334e-03	-2.621234154833927767e-07
3.240000000000105643e-03	-2.016238730727634342e-07
3.280000000000110952e-03	-7.539016960963328245e-08
3.320000000000116261e-03	3.570213172112508935e-08
3.360000000000121570e-03	1.294528290065894693e-07
3.400000000000126879e-03	1.849397789681853691e-07
3.440000000000132188e-03	2.221401991379516072e-07
3.480000000000137497e-03	2.780534785537611253e-07
3.520000000000142806e-03	3.308959711449933276e-07
3.560000000000148115e-03	3.762486169190505535e-07
3.600000000000153424e-03	4.082377022291288015e-07
3.640000000000158734e-03	4.103022090351861530e-07
3.680000000000164043e-03	3.748446783821417356e-07
3.720000000000169352e-03	3.108267410835823738e-07
3.760000000000174661e-03	1.923636257387640883e-07
3.800000000000179970e-03	5.484143170020585034e-08
3.840000000000185279e-03	-1.097371783511022595e-07
3.880000000000190588e-03	-2.516365314044443734e-07
3.920000000000195897e-03	-3.344072391271450234e-07
3.960000000000201206e-03	-3.166436431566978544e-07
4.000000000000206515e-03	-2.177466917249692941e-07
4.040000000000211824e-03	-5.541213714775511786e-08
4.080000000000217134e-03	1.340161502389739500e-07
4.120000000000222443e-03	3.159559260843109298e-07
4.160000000000227752e-03	4.632318329313191059e-07
4.200000000000233061e-03	5.470357678849801862e-07
4.240000000000238370e-03	5.657070930650286693e-07
4.280000000000243679e-03	5.282065336255725432e-07
4.320000000000248988e-03	4.359391173363511695e-07
4.360000000000254297e-03	3.045096749739725873e-07
4.400000000000259606e-03	1.588409965053792679e-07
4.440000000000264915e-03	9.401243478504463539e-09
4.480000000000270224e-03	-1.214204153832911780e-07
4.520000000000275533e-03	-2.154222946026406909e-07
4.560000000000280843e-03	-2.902691756456238546e-07
4.600000000000286152e-03	-3.273785768689207352e-07
4.640000000000291461e-03	-3.388152039525284411e-07
4.680000000000296770e-03	-3.220677408238067006e-07
4.720000000000302079e-03	-2.817077746920723702e-07
4.760000000000307388e-03	-2.399745836659590605e-07
4.800000000000312697e-03	-1.813398864103591581e-07
4.840000000000318006e-03	-1.322366695109144567e-07
4.880000000000323315e-03	-8.334275300253308967e-08
4.920000000000328624e-03	-3.811179057674531278e-08
4.960000000000333933e-03	1.657407600902357876e-08
5.000000000000339243e-03	6.975743768193277014e-08
5.040000000000344552e-03	1.501792297187656838e-07
5.080000000000349861e-03	2.392735693765665232e-07
5.120000000000355170e-03	3.372156066365245542e-07
5.160000000000360479e-03	4.253622435269430897e-07
5.200000000000365788e-03	5.040660081182136234e-07
5.240000000000371097e-03	5.511816678110823294e-07
5.280000000000376406e-03	5.890534048172117333e-07
5.320000000000381715e-03	5.853350371582274174e-07
5.360000000000387024e-03	5.526179884785983265e-07
5.400000000000392333e-03	4.776676787133689870e-07
5.440000000000397642e-03	3.629876601409596547e-07
5.480000000000402952e-03	2.170962601670123093e-07
5.520000000000408261e-03	6.508310753471393213e-08
5.560000000000413570e-03	-7.331008003629336169e-08
5.600000000000418879e-03	-1.800665216608078600e-07
5.640000000000424188e-03	-2.472593039852054264e-07
5.680000000000429497e-03	-2.779070757738435921e-07
5.720000000000434806e-03	-2.782530323472922240e-07
5.760000000000440115e-03	-2.608768368272373651e-07
5.800000000000445424e-03	-2.354193230349883426e-07
5.840000000000450733e-03	-1.905879978337418370e-07
5.880000000000456042e-03	-1.671612749155211843e-07
5.920000000000461352e-03	-1.443662129086196659e-07
5.960000000000466661e-03	-1.305164932693575795e-07
6.000000000000471970e-03	-1.323248733465883901e-07
6.040000000000477279e-03	-1.517203148667385191e-07
6.080000000000482588e-03	-1.651708204465215967e-07
6.120000000000487897e-03	-1.946904916951227359e-07
6.160000000000493206e-03	-2.132172339216282215e-07
6.200000000000498515e-03	-2.214772903525483327e-07
6.240000000000503824e-03	-2.136896561083683622e-07
6.280000000000509133e-03	-2.058458146741390067e-07
6.320000000000514442e-03	-1.888523460851805584e-07
6.360000000000519751e-03	-1.546199075206256753e-07
6.400000000000525061e-03	-1.065057869548714304e-07
6.440000000000530370e-03	-6.265419531560756553e-08
6.480000000000535679e-03	6.317847054872046602e-09
6.520000000000540988e-03	7.874372613704592622e-08
6.560000000000546297e-03	1.447497073776376934e-07
6.600000000000551606e-03	1.981512749401641404e-07
6.640000000000556915e-03	2.528142910866408826e-07
6.680000000000562224e-03	2.779942915928751175e-07
6.720000000000567533e-03	2.690954154227663053e-07
6.760000000000572842e-03	2.453818656089152369e-07
6.800000000000578151e-03	1.882827816665031664e-07
6.840000000000583461e-03	1.126281137912956853e-07
6.880000000000588770e-03	3.817867021533227378e-08
6.920000000000594079e-03	-1.684667683407313590e-08
6.960000000000599388e-03	-5.837515941180236465e-08
7.000000000000604697e-03	-9.051727082769418173e-08
