0.000000000000000000e+00	-1.840126309125355591e-32
3.999999999999998294e-05	-3.193410917204469171e-08
7.999999999999987102e-05	-2.069578446700637286e-06
1.199999999999997591e-04	-6.375610963447363474e-06
1.599999999999996607e-04	-1.379340096239734298e-05
1.999999999999995488e-04	-2.289596657538968367e-05
2.399999999999994369e-04	-3.130385238223224934e-05
2.800000000000003007e-04	-3.610458662821860911e-05
3.200000000000012730e-04	-3.521916613510868400e-05
3.600000000000022453e-04	-2.872837368277391296e-05
4.000000000000032176e-04	-1.845583518791310006e-05
4.400000000000041898e-04	-7.609976705130954337e-06
4.800000000000051621e-04	1.254434770104951758e-06
5.200000000000061344e-04	6.825134543091508926e-06
5.600000000000071067e-04	9.389337683736100900e-06
6.000000000000080790e-04	1.007876548564946253e-05
6.400000000000090512e-04	1.016320533225279849e-05
6.800000000000100235e-04	1.092654407940230998e-05
7.200000000000109958e-04	1.149922420799154120e-05
7.600000000000119681e-04	1.237459565135896967e-05
8.000000000000129403e-04	1.291482572245363561e-05
8.400000000000139126e-04	1.317307594873423243e-05
8.800000000000148849e-04	1.297429647472780050e-05
9.200000000000158572e-04	1.235145343707567202e-05
9.600000000000168295e-04	1.148838475529086927e-05
1.000000000000015200e-03	1.044182245933670319e-05
1.040000000000011835e-03	9.549266357378066410e-06
1.080000000000008471e-03	8.690290459701209292e-06
1.120000000000005106e-03	7.877484753419216541e-06
1.160000000000001742e-03	6.981406869282868362e-06
1.199999999999998377e-03	6.063569286543079863e-06
1.239999999999995012e-03	5.204268611607162578e-06
1.279999999999991648e-03	4.444622405587996336e-06
1.319999999999988283e-03	3.902947967908199290e-06
1.359999999999984919e-03	3.497177736870018323e-06
1.399999999999981554e-03	3.211695765904114798e-06
1.439999999999978190e-03	2.910805530701290011e-06
1.479999999999974825e-03	2.547390117545871650e-06
1.519999999999971461e-03	2.180694386495470972e-06
1.559999999999968096e-03	1.801981779285675137e-06
1.599999999999964732e-03	1.461371739357522837e-06
1.639999999999961367e-03	1.055315337146660077e-06
1.679999999999958003e-03	5.580777877081899513e-07
1.719999999999954638e-03	-5.254213642648762269e-10
1.759999999999951274e-03	-5.448964709111446281e-07
1.799999999999947909e-03	-1.005148201015519718e-06
1.839999999999944544e-03	-1.274836687758278345e-06
1.879999999999941180e-03	-1.368657226956729614e-06
1.919999999999937815e-03	-1.398348114907053767e-06
1.959999999999935752e-03	-1.442592879463382573e-06
1.999999999999941061e-03	-1.590314677772380998e-06
2.039999999999946370e-03	-1.714977232512961974e-06
2.079999999999951679e-03	-1.798263721938869538e-06
2.119999999999956988e-03	-1.771082645457506120e-06
2.159999999999962297e-03	-1.598028612036380930e-06
2.199999999999967606e-03	-1.322892135624409420e-06
2.239999999999972916e-03	-1.017739523820207755e-06
2.279999999999978225e-03	-7.164716163881144090e-07
2.319999999999983534e-03	-4.556496849972038939e-07
2.359999999999988843e-03	-2.498532923950796266e-07
2.399999999999994152e-03	-6.060252533511646331e-08
2.439999999999999461e-03	4.955230120565668058e-08
2.480000000000004770e-03	1.555604343998655509e-07
2.520000000000010079e-03	2.494812511272606318e-07
2.560000000000015388e-03	3.404659305417955029e-07
2.600000000000020697e-03	4.417993878848154329e-07
2.640000000000026006e-03	5.150977796030188920e-07
2.680000000000031316e-03	5.451198380933636192e-07
2.720000000000036625e-03	5.105908479910352949e-07
2.760000000000041934e-03	3.861234620561583681e-07
2.800000000000047243e-03	1.961361988851975590e-07
2.840000000000052552e-03	-2.444019814370947866e-08
2.880000000000057861e-03	-2.546079426979993272e-07
2.920000000000063170e-03	-4.810254889866465865e-07
2.960000000000068479e-03	-6.883157933457183480e-07
3.000000000000073788e-03	-8.578031163380164838e-07
3.040000000000079097e-03	-9.456213084200449090e-07
3.080000000000084406e-03	-9.834921438065428325e-07
3.120000000000089715e-03	-9.756463625969884670e-07
3.160000000000095025e-03	-9.208564740909842784e-07
3.200000000000100334e-03	-8.587360739226247294e-07
3.240000000000105643e-03	-7.707007543973943693e-07
3.280000000000110952e-03	-6.738933979424453809e-07
3.320000000000116261e-03	-5.270418373279402733e-07
3.360000000000121570e-03	-3.509428045490822243e-07
3.400000000000126879e-03	-1.880366737274150966e-07
3.440000000000132188e-03	-3.936704430360359939e-08
3.480000000000137497e-03	6.265366632069071624e-08
3.520000000000142806e-03	1.161854311031070107e-07
3.560000000000148115e-03	1.655633588001851298e-07
3.600000000000153424e-03	1.998325836280893394e-07
3.640000000000158734e-03	2.613256138391553218e-07
3.680000000000164043e-03	3.079674737557228644e-07
3.720000000000169352e-03	3.272271543694860935e-07
3.760000000000174661e-03	3.261476035995130646e-07
3.800000000000179970e-03	2.871965708978890463e-07
3.840000000000185279e-03	2.223952751611015031e-07
3.880000000000190588e-03	1.617806578151764462e-07
3.920000000000195897e-03	9.261644326212127323e-08
3.960000000000201206e-03	3.941919480269309463e-08
4.000000000000206515e-03	-1.080888782868588415e-08
4.040000000000211824e-03	-3.802838368671671650e-08
4.080000000000217134e-03	-5.552306247511017707e-08
4.120000000000222443e-03	-3.865850552160341830e-08
4.160000000000227752e-03	2.009478696491327287e-09
4.200000000000233061e-03	7.159647278100013101e-08
4.240000000000238370e-03	1.234427654956709192e-07
4.280000000000243679e-03	1.839224443455557134e-07
4.320000000000248988e-03	2.225112251798131787e-07
4.360000000000254297e-03	2.491732827431223808e-07
4.400000000000259606e-03	2.583478371814366503e-07
4.440000000000264915e-03	2.778196836978015680e-07
4.480000000000270224e-03	2.776851020411708974e-07
4.520000000000275533e-03	2.770929502926865793e-07
4.560000000000280843e-03	2.855493457478993004e-07
4.600000000000286152e-03	2.982167987957046677e-07
4.640000000000291461e-03	2.954491162816658095e-07
4.680000000000296770e-03	2.976424051410730191e-07
4.720000000000302079e-03	2.765645143411359542e-07
4.760000000000307388e-03	2.626240188248112187e-07
4.800000000000312697e-03	2.181338670714508888e-07
4.840000000000318006e-03	1.949492523080266499e-07
4.880000000000323315e-03	1.517948283343946598e-07
4.920000000000328624e-03	1.432352348882169864e-07
4.960000000000333933e-03	1.496844009670566165e-07
5.000000000000339243e-03	1.612760938898956608e-07
5.040000000000344552e-03	1.672480860029359328e-07
5.080000000000349861e-03	1.529291718721364800e-07
5.120000000000355170e-03	1.310235515000778048e-07
5.160000000000360479e-03	5.307844813112331852e-08
5.200000000000365788e-03	-2.073958854156893460e-08
5.240000000000371097e-03	-8.866323248291255379e-08
5.280000000000376406e-03	-1.369972954119261021e-07
5.320000000000381715e-03	-1.534313727476845244e-07
5.360000000000387024e-03	-1.630904574974066285e-07
5.400000000000392333e-03	-1.644476186770248141e-07
5.440000000000397642e-03	-1.853439290485328462e-07
5.480000000000402952e-03	-1.954416099513800165e-07
5.520000000000408261e-03	-2.144565675011900204e-07
5.560000000000413570e-03	-2.322603038398574438e-07
5.600000000000418879e-03	-2.329837088788553827e-07
5.640000000000424188e-03	-2.278129562012646656e-07
5.680000000000429497e-03	-2.281941914797833004e-07
5.720000000000434806e-03	-2.249556913708396636e-07
5.760000000000440115e-03	-1.852827046218073536e-07
5.800000000000445424e-03	-1.467408067140428069e-07
5.840000000000450733e-03	-8.602446605063959961e-08
5.880000000000456042e-03	-2.775420994829557929e-08
5.920000000000461352e-03	4.316637251477255784e-08
5.960000000000466661e-03	1.029847990653270364e-07
6.000000000000471970e-03	1.438523858994834809e-07
6.040000000000477279e-03	1.813956561727365023e-07
6.080000000000482588e-03	2.125475301283889603e-07
6.120000000000487897e-03	2.189945499071036653e-07
6.160000000000493206e-03	2.219827483704970243e-07
6.200000000000498515e-03	2.114381280282074461e-07
6.240000000000503824e-03	1.722168233456583493e-07
6.280000000000509133e-03	1.364342128232482264e-07
6.320000000000514442e-03	9.645037807601179847e-08
6.360000000000519751e-03	5.827682442037645281e-08
6.400000000000525061e-03	2.479989362659095119e-08
6.440000000000530370e-03	3.319522772028985393e-09
6.480000000000535679e-03	-1.535706886255676986e-08
6.520000000000540988e-03	-2.459662706033264677e-08
6.560000000000546297e-03	-3.930897793860800927e-08
6.600000000000551606e-03	-4.499721602857832111e-08
6.640000000000556915e-03	-3.245229189937687203e-08
6.680000000000562224e-03	-2.938095583177648666e-08
6.720000000000567533e-03	-2.755472569639321243e-08
6.760000000000572842e-03	-3.671133579801496652e-08
6.800000000000578151e-03	-4.648413822976225184e-08
6.840000000000583461e-03	-4.873487578830620336e-08
6.880000000000588770e-03	-4.559424272176455868e-08
6.920000000000594079e-03	-3.097814951974125513e-08
6.960000000000599388e-03	-1.981297372905586055e-08
7.000000000000604697e-03	-2.060004306811005790e-08
