0.000000000000000000e+00	-1.518207372919366186e-31
3.999999999999998294e-05	-2.922376751112007799e-08
7.999999999999987102e-05	-2.042989847439334264e-06
1.199999999999997591e-04	-6.319606846301109282e-06
1.599999999999996607e-04	-1.365624527012253846e-05
1.999999999999995488e-04	-2.263203197337850022e-05
2.399999999999994369e-04	-3.085860049165274204e-05
2.800000000000003007e-04	-3.547244882456506701e-05
3.200000000000012730e-04	-3.410764570208038360e-05
3.600000000000022453e-04	-2.713617288849143520e-05
4.000000000000032176e-04	-1.643176259759642863e-05
4.400000000000041898e-04	-5.418392529211331310e-06
4.800000000000051621e-04	3.102047617535630547e-06
5.200000000000061344e-04	7.968283886582028315e-06
5.600000000000071067e-04	9.419008236625278624e-06
6.000000000000080790e-04	9.087711168096256084e-06
6.400000000000090512e-04	8.246247179632990333e-06
6.800000000000100235e-04	8.415140698212468206e-06
7.200000000000109958e-04	8.636956760316395938e-06
7.600000000000119681e-04	9.304599399320511200e-06
8.000000000000129403e-04	9.773708260339118126e-06
8.400000000000139126e-04	1.023931044132789537e-05
8.800000000000148849e-04	1.063850585417030798e-05
9.200000000000158572e-04	1.077297743979632535e-05
9.600000000000168295e-04	1.092667110089180935e-05
1.000000000000015200e-03	1.068174436484572189e-05
1.040000000000011835e-03	1.031257917344114905e-05
1.080000000000008471e-03	9.694398062236358454e-06
1.120000000000005106e-03	8.984936188598802029e-06
1.160000000000001742e-03	8.330807315041589627e-06
1.199999999999998377e-03	7.647547335230313678e-06
1.239999999999995012e-03	7.001652801027496822e-06
1.279999999999991648e-03	6.277878394143624430e-06
1.319999999999988283e-03	5.557537219206342477e-06
1.359999999999984919e-03	4.868434966071599530e-06
1.399999999999981554e-03	4.306414828895804228e-06
1.439999999999978190e-03	3.927859748630271506e-06
1.479999999999974825e-03	3.608940088849819285e-06
1.519999999999971461e-03	3.208913360715783993e-06
1.559999999999968096e-03	2.623905413637337268e-06
1.599999999999964732e-03	1.873959656362509934e-06
1.639999999999961367e-03	1.019402949040479850e-06
1.679999999999958003e-03	1.240099782990148160e-07
1.719999999999954638e-03	-7.262541723715424539e-07
1.759999999999951274e-03	-1.484253370685550948e-06
1.799999999999947909e-03	-2.194508589500668938e-06
1.839999999999944544e-03	-2.693842763882483133e-06
1.879999999999941180e-03	-2.960084248287349864e-06
1.919999999999937815e-03	-2.830302680445243940e-06
1.959999999999935752e-03	-2.347388389405005717e-06
1.999999999999941061e-03	-1.682923678528338004e-06
2.039999999999946370e-03	-1.013234646186251739e-06
2.079999999999951679e-03	-5.357005585162058317e-07
2.119999999999956988e-03	-2.753193162394847619e-07
2.159999999999962297e-03	-1.879603797270881274e-07
2.199999999999967606e-03	-1.817276166515147750e-07
2.239999999999972916e-03	-1.533722255511898564e-07
2.279999999999978225e-03	-1.139284171823463578e-07
2.319999999999983534e-03	-9.792437065479119929e-08
2.359999999999988843e-03	-2.031177612225460610e-07
2.399999999999994152e-03	-3.467922855464815974e-07
2.439999999999999461e-03	-5.333317771228326012e-07
2.480000000000004770e-03	-6.337252589830127593e-07
2.520000000000010079e-03	-6.624820540506435969e-07
2.560000000000015388e-03	-6.521646401772856184e-07
2.600000000000020697e-03	-5.915322296027049067e-07
2.640000000000026006e-03	-6.239519739379861100e-07
2.680000000000031316e-03	-6.962958083050393764e-07
2.720000000000036625e-03	-8.241988887896716359e-07
2.760000000000041934e-03	-9.355944885826262162e-07
2.800000000000047243e-03	-9.714696303532685216e-07
2.840000000000052552e-03	-1.002791202154529317e-06
2.880000000000057861e-03	-9.475126040511202533e-07
2.920000000000063170e-03	-9.002271293409006086e-07
2.960000000000068479e-03	-7.805461502923920627e-07
3.000000000000073788e-03	-6.473173848207789381e-07
3.040000000000079097e-03	-4.943792776047661537e-07
3.080000000000084406e-03	-3.125652828056160906e-07
3.120000000000089715e-03	-1.960775469575341770e-07
3.160000000000095025e-03	-1.202095993879143457e-07
3.200000000000100334e-03	-1.549755070944947930e-07
3.240000000000105643e-03	-2.491848087991400460e-07
3.280000000000110952e-03	-3.755546072274831726e-07
3.320000000000116261e-03	-4.542735979073829620e-07
3.360000000000121570e-03	-4.726709748670020628e-07
3.400000000000126879e-03	-4.197420181716115088e-07
3.440000000000132188e-03	-2.829023263387203683e-07
3.480000000000137497e-03	-1.099900910965716624e-07
3.520000000000142806e-03	6.841119583737975834e-08
3.560000000000148115e-03	2.259966556361611052e-07
3.600000000000153424e-03	3.740133710959558077e-07
3.640000000000158734e-03	5.208203770051931247e-07
3.680000000000164043e-03	5.900904889549134807e-07
3.720000000000169352e-03	6.166276392762942546e-07
3.760000000000174661e-03	5.814979754285295575e-07
3.800000000000179970e-03	5.093190537027866408e-07
3.840000000000185279e-03	4.133459083869606076e-07
3.880000000000190588e-03	3.137314880294742472e-07
3.920000000000195897e-03	2.571400731719333269e-07
3.960000000000201206e-03	2.145417763491341937e-07
4.000000000000206515e-03	1.758036356769017244e-07
4.040000000000211824e-03	1.648005676539944153e-07
4.080000000000217134e-03	1.635442165890381080e-07
4.120000000000222443e-03	2.208474967628763774e-07
4.160000000000227752e-03	2.910544350017818362e-07
4.200000000000233061e-03	3.936103772164175333e-07
4.240000000000238370e-03	4.552373111945207245e-07
4.280000000000243679e-03	4.712268922929714053e-07
4.320000000000248988e-03	4.119963348305146130e-07
4.360000000000254297e-03	3.069939210414295004e-07
4.400000000000259606e-03	2.051864865657502043e-07
4.440000000000264915e-03	1.381535322511177706e-07
4.480000000000270224e-03	1.243066294363153071e-07
4.520000000000275533e-03	1.312432247672365918e-07
4.560000000000280843e-03	1.808019352494244510e-07
4.600000000000286152e-03	2.415094838978058233e-07
4.640000000000291461e-03	3.188552750869791105e-07
4.680000000000296770e-03	3.665229168605307536e-07
4.720000000000302079e-03	4.110298302447625719e-07
4.760000000000307388e-03	4.110812364273204284e-07
4.800000000000312697e-03	3.771139189225748311e-07
4.840000000000318006e-03	3.059815368708362713e-07
4.880000000000323315e-03	2.072971071700719580e-07
4.920000000000328624e-03	1.338783728337431614e-07
4.960000000000333933e-03	6.932377586368297826e-08
5.000000000000339243e-03	2.783094237371571171e-08
5.040000000000344552e-03	4.442064604363325702e-09
5.080000000000349861e-03	-3.037397660788645281e-08
5.120000000000355170e-03	-5.971269059432786774e-08
5.160000000000360479e-03	-1.220267589725662810e-07
5.200000000000365788e-03	-1.811967615752372379e-07
5.240000000000371097e-03	-2.425537592222475109e-07
5.280000000000376406e-03	-2.811354722152532808e-07
5.320000000000381715e-03	-3.084051166709095041e-07
5.360000000000387024e-03	-3.051903766060605268e-07
5.400000000000392333e-03	-3.140626803941037063e-07
5.440000000000397642e-03	-3.086098145834893087e-07
5.480000000000402952e-03	-3.237659096482664783e-07
5.520000000000408261e-03	-3.173419321963448595e-07
5.560000000000413570e-03	-2.954147831558589945e-07
5.600000000000418879e-03	-2.653672355926562761e-07
5.640000000000424188e-03	-2.376591349389655959e-07
5.680000000000429497e-03	-2.238429078352478419e-07
5.720000000000434806e-03	-2.161973024324389836e-07
5.760000000000440115e-03	-2.157328483899173713e-07
5.800000000000445424e-03	-2.265271900587335575e-07
5.840000000000450733e-03	-2.320663384078011175e-07
5.880000000000456042e-03	-2.106791296505209543e-07
5.920000000000461352e-03	-1.887858164333050790e-07
5.960000000000466661e-03	-1.722457148232068774e-07
6.000000000000471970e-03	-1.458871777979426183e-07
6.040000000000477279e-03	-1.247000177473032686e-07
6.080000000000482588e-03	-6.826459650640331918e-08
6.120000000000487897e-03	-1.790274543186774833e-08
6.160000000000493206e-03	4.526632817765055117e-08
6.200000000000498515e-03	1.035018689832136704e-07
6.240000000000503824e-03	1.497493567465778514e-07
6.280000000000509133e-03	1.685708351630111646e-07
6.320000000000514442e-03	1.680609564979797863e-07
6.360000000000519751e-03	1.602726517987837534e-07
6.400000000000525061e-03	1.643918439342636495e-07
6.440000000000530370e-03	1.856578735990872095e-07
6.480000000000535679e-03	2.032676105067159462e-07
6.520000000000540988e-03	2.032326811457533119e-07
6.560000000000546297e-03	2.095947683833920702e-07
6.600000000000551606e-03	1.937664837376248989e-07
6.640000000000556915e-03	2.014094793965306567e-07
6.680000000000562224e-03	2.137458178991086767e-07
6.720000000000567533e-03	2.363436227079163029e-07
6.760000000000572842e-03	2.641077127933278944e-07
6.800000000000578151e-03	2.625383636103031316e-07
6.840000000000583461e-03	2.436741106370193774e-07
6.880000000000588770e-03	2.080875176752261296e-07
6.920000000000594079e-03	1.674733617552022337e-07
6.960000000000599388e-03	1.351573553960598357e-07
7.000000000000604697e-03	1.046786281663489802e-07
