0.000000000000000000e+00	-1.782136230621543943e-30
3.999999999999998294e-05	-2.827990075079555559e-08
7.999999999999987102e-05	-2.051679928274506242e-06
1.199999999999997591e-04	-6.339987548173889519e-06
1.599999999999996607e-04	-1.372370557831080699e-05
1.999999999999995488e-04	-2.278446128436979244e-05
2.399999999999994369e-04	-3.124904926527044367e-05
2.800000000000003007e-04	-3.605999526233268689e-05
3.200000000000012730e-04	-3.522513349633334096e-05
3.600000000000022453e-04	-2.877042816906391867e-05
4.000000000000032176e-04	-1.854645980684119382e-05
4.400000000000041898e-04	-7.684082198510532011e-06
4.800000000000051621e-04	1.178939728224100102e-06
5.200000000000061344e-04	6.800037414449853790e-06
5.600000000000071067e-04	9.350682603913734883e-06
6.000000000000080790e-04	1.009308400901059881e-05
6.400000000000090512e-04	1.016649383334782302e-05
6.800000000000100235e-04	1.095536372364374586e-05
7.200000000000109958e-04	1.153808107500630761e-05
7.600000000000119681e-04	1.243943005302631089e-05
8.000000000000129403e-04	1.293011835766983924e-05
8.400000000000139126e-04	1.320129543019797094e-05
8.800000000000148849e-04	1.295218201893668889e-05
9.200000000000158572e-04	1.228492477629057718e-05
9.600000000000168295e-04	1.133403282180898145e-05
1.000000000000015200e-03	1.030588882539628976e-05
1.040000000000011835e-03	9.359387428424104574e-06
1.080000000000008471e-03	8.543379515078271491e-06
1.120000000000005106e-03	7.704764105304754866e-06
1.160000000000001742e-03	6.843152846331563659e-06
1.199999999999998377e-03	5.872663348273167425e-06
1.239999999999995012e-03	4.971438791422367217e-06
1.279999999999991648e-03	4.170827186543657181e-06
1.319999999999988283e-03	3.650775475755179346e-06
1.359999999999984919e-03	3.297985033797335660e-06
1.399999999999981554e-03	3.134738159672667261e-06
1.439999999999978190e-03	2.991661135631934255e-06
1.479999999999974825e-03	2.820135506200098143e-06
1.519999999999971461e-03	2.589956330579087588e-06
1.559999999999968096e-03	2.293508225996791993e-06
1.599999999999964732e-03	1.947176576556591190e-06
1.639999999999961367e-03	1.509249403793029988e-06
1.679999999999958003e-03	9.507436085831349231e-07
1.719999999999954638e-03	3.026969339688413366e-07
1.759999999999951274e-03	-3.454823514356214734e-07
1.799999999999947909e-03	-9.104855110907520271e-07
1.839999999999944544e-03	-1.281543773829709007e-06
1.879999999999941180e-03	-1.493201080712977758e-06
1.919999999999937815e-03	-1.642744769232291632e-06
1.959999999999935752e-03	-1.788964557198950688e-06
1.999999999999941061e-03	-1.990756737115513419e-06
2.039999999999946370e-03	-2.087057402264232511e-06
2.079999999999951679e-03	-2.081102591448293083e-06
2.119999999999956988e-03	-1.849746371620557322e-06
2.159999999999962297e-03	-1.423185489892184643e-06
2.199999999999967606e-03	-8.813681999955361286e-07
2.239999999999972916e-03	-3.809413868559290368e-07
2.279999999999978225e-03	7.451701664846776472e-09
2.319999999999983534e-03	2.301915120107477934e-07
2.359999999999988843e-03	2.664528036193685009e-07
2.399999999999994152e-03	1.877711944249926502e-07
2.439999999999999461e-03	-3.815216391274555034e-08
2.480000000000004770e-03	-2.435963202605776449e-07
2.520000000000010079e-03	-3.913196100068049577e-07
2.560000000000015388e-03	-4.867224294797356155e-07
2.600000000000020697e-03	-4.095961963951121039e-07
2.640000000000026006e-03	-2.725503064833911021e-07
2.680000000000031316e-03	-3.697990964877143107e-08
2.720000000000036625e-03	1.808886683440629165e-07
2.760000000000041934e-03	3.351391679022674540e-07
2.800000000000047243e-03	4.087412907750332544e-07
2.840000000000052552e-03	4.011042078541817724e-07
2.880000000000057861e-03	2.969654332226201588e-07
2.920000000000063170e-03	1.163216453666826245e-07
2.960000000000068479e-03	-1.348785411433335146e-07
3.000000000000073788e-03	-4.015661507355211380e-07
3.040000000000079097e-03	-6.700056758286378103e-07
3.080000000000084406e-03	-9.015019013576756295e-07
3.120000000000089715e-03	-1.063649381860501145e-06
3.160000000000095025e-03	-1.159234474602868039e-06
3.200000000000100334e-03	-1.166184100164158242e-06
3.240000000000105643e-03	-1.123383907964171122e-06
3.280000000000110952e-03	-9.867056949347280911e-07
3.320000000000116261e-03	-8.072950789999220985e-07
3.360000000000121570e-03	-5.797362460127787787e-07
3.400000000000126879e-03	-3.739611983246804867e-07
3.440000000000132188e-03	-1.854474304165699872e-07
3.480000000000137497e-03	-5.675782035160086172e-08
3.520000000000142806e-03	3.184537561946566968e-08
3.560000000000148115e-03	1.035168165123842396e-07
3.600000000000153424e-03	1.243724194999399500e-07
3.640000000000158734e-03	1.971301028916027010e-07
3.680000000000164043e-03	2.033928930205191705e-07
3.720000000000169352e-03	2.069636431171155944e-07
3.760000000000174661e-03	1.908482444730755254e-07
3.800000000000179970e-03	1.927736441536523675e-07
3.840000000000185279e-03	2.401528980603887048e-07
3.880000000000190588e-03	3.164068925251487947e-07
3.920000000000195897e-03	4.322845987011600104e-07
3.960000000000201206e-03	5.283913210445089968e-07
4.000000000000206515e-03	5.879695913990297458e-07
4.040000000000211824e-03	5.807701855926440331e-07
4.080000000000217134e-03	5.334577003117240413e-07
4.120000000000222443e-03	4.816329796255597311e-07
4.160000000000227752e-03	3.993030082018067526e-07
4.200000000000233061e-03	3.300579190695818513e-07
4.240000000000238370e-03	2.256679299592990515e-07
4.280000000000243679e-03	1.230705731159646771e-07
4.320000000000248988e-03	1.314062580465086254e-08
4.360000000000254297e-03	-7.597688015116837608e-08
4.400000000000259606e-03	-1.415152892388833781e-07
4.440000000000264915e-03	-1.388984993373712254e-07
4.480000000000270224e-03	-9.026158081519429198e-08
4.520000000000275533e-03	-2.313292749149883105e-08
4.560000000000280843e-03	8.214723041022917517e-08
4.600000000000286152e-03	1.870460055169924202e-07
4.640000000000291461e-03	2.700916098293650231e-07
4.680000000000296770e-03	3.086290750666195759e-07
4.720000000000302079e-03	2.858009072655484151e-07
4.760000000000307388e-03	2.205739991495823888e-07
4.800000000000312697e-03	1.005519912799120494e-07
4.840000000000318006e-03	2.539507108632351363e-09
4.880000000000323315e-03	-9.588581152914384302e-08
4.920000000000328624e-03	-1.154811568463258703e-07
4.960000000000333933e-03	-8.686568471152213839e-08
5.000000000000339243e-03	-1.752869050158203249e-08
5.040000000000344552e-03	7.093661152552500908e-08
5.080000000000349861e-03	1.273461441644102338e-07
5.120000000000355170e-03	1.752151489589055436e-07
5.160000000000360479e-03	1.857068676853823776e-07
5.200000000000365788e-03	1.672685520084531538e-07
5.240000000000371097e-03	1.476565760479647565e-07
5.280000000000376406e-03	1.307774787457658113e-07
5.320000000000381715e-03	1.297732739083428507e-07
5.360000000000387024e-03	9.139013708073086283e-08
5.400000000000392333e-03	6.349562016389976313e-08
5.440000000000397642e-03	1.545443416987856215e-08
5.480000000000402952e-03	-9.693689125591815864e-09
5.520000000000408261e-03	-4.024216759724403052e-08
5.560000000000413570e-03	-5.371358479195263817e-08
5.600000000000418879e-03	-4.681805191721449982e-08
5.640000000000424188e-03	-4.718360913525674751e-08
5.680000000000429497e-03	-8.643111893939390230e-08
5.720000000000434806e-03	-1.313181881321010404e-07
5.760000000000440115e-03	-1.908655008862050672e-07
5.800000000000445424e-03	-2.198520826413728797e-07
5.840000000000450733e-03	-2.372379830066806426e-07
5.880000000000456042e-03	-2.189515694461651411e-07
5.920000000000461352e-03	-1.855397557237156080e-07
5.960000000000466661e-03	-1.417632168004516273e-07
6.000000000000471970e-03	-9.823675546056641550e-08
6.040000000000477279e-03	-7.788322154296547439e-08
6.080000000000482588e-03	-5.388371831149648288e-08
6.120000000000487897e-03	-3.752231596119025886e-08
6.160000000000493206e-03	-2.682850492062077645e-08
6.200000000000498515e-03	-2.167620093085432772e-08
6.240000000000503824e-03	-2.398284122251855562e-08
6.280000000000509133e-03	-1.109885117294728922e-08
6.320000000000514442e-03	-6.248013963030983197e-10
6.360000000000519751e-03	1.673009882480457568e-08
6.400000000000525061e-03	2.423705190659745583e-08
6.440000000000530370e-03	4.452173795050807906e-08
6.480000000000535679e-03	4.739377556737476118e-08
6.520000000000540988e-03	3.949559740651491997e-08
6.560000000000546297e-03	4.794262836134965689e-08
6.600000000000551606e-03	4.148931185867393779e-08
6.640000000000556915e-03	5.040644640529710405e-08
6.680000000000562224e-03	3.689526079161887791e-08
6.720000000000567533e-03	2.739844277377886801e-08
6.760000000000572842e-03	2.491081681128943630e-09
6.800000000000578151e-03	-5.970382354555564191e-09
6.840000000000583461e-03	-1.881326977638558526e-09
6.880000000000588770e-03	1.712762590239859326e-08
6.920000000000594079e-03	4.979387880433652759e-08
6.960000000000599388e-03	8.525598149794531475e-08
7.000000000000604697e-03	1.153406677866905286e-07
