0.000000000000000000e+00	-1.638568678543814559e-30
3.999999999999998294e-05	-2.810232765569774761e-08
7.999999999999987102e-05	-2.045398336331715715e-06
1.199999999999997591e-04	-6.331655206783649697e-06
1.599999999999996607e-04	-1.366015038836526021e-05
1.999999999999995488e-04	-2.261501663937452939e-05
2.399999999999994369e-04	-3.069124168307250927e-05
2.800000000000003007e-04	-3.515304706530660169e-05
3.200000000000012730e-04	-3.378567317664434732e-05
3.600000000000022453e-04	-2.691942783928296746e-05
4.000000000000032176e-04	-1.635715164713656914e-05
4.400000000000041898e-04	-5.559757179034093394e-06
4.800000000000051621e-04	2.903442290651901020e-06
5.200000000000061344e-04	7.697740492779103378e-06
5.600000000000071067e-04	9.080477484533648318e-06
6.000000000000080790e-04	8.536173103113400829e-06
6.400000000000090512e-04	7.387064911762470526e-06
6.800000000000100235e-04	7.358774557899121758e-06
7.200000000000109958e-04	7.547226824340145805e-06
7.600000000000119681e-04	8.581534372519235941e-06
8.000000000000129403e-04	9.575655108773981292e-06
8.400000000000139126e-04	1.053974457806406766e-05
8.800000000000148849e-04	1.117363895866511327e-05
9.200000000000158572e-04	1.131057179391817125e-05
9.600000000000168295e-04	1.129502939406829623e-05
1.000000000000015200e-03	1.098704505392413482e-05
1.040000000000011835e-03	1.077246324589019622e-05
1.080000000000008471e-03	1.036241693024089648e-05
1.120000000000005106e-03	9.896088679669315391e-06
1.160000000000001742e-03	9.215443173044031010e-06
1.199999999999998377e-03	8.466549784277731434e-06
1.239999999999995012e-03	7.771534278901655649e-06
1.279999999999991648e-03	7.076479493368012068e-06
1.319999999999988283e-03	6.397420926796314982e-06
1.359999999999984919e-03	5.546163575293850180e-06
1.399999999999981554e-03	4.591769677668195316e-06
1.439999999999978190e-03	3.606816219503587341e-06
1.479999999999974825e-03	2.652103268799963307e-06
1.519999999999971461e-03	1.830040039911925971e-06
1.559999999999968096e-03	1.140352629475686422e-06
1.599999999999964732e-03	5.533030094121073313e-07
1.639999999999961367e-03	9.462524632216595330e-10
1.679999999999958003e-03	-5.447960414486646634e-07
1.719999999999954638e-03	-1.001509303205654344e-06
1.759999999999951274e-03	-1.285931192004059098e-06
1.799999999999947909e-03	-1.380390649891205093e-06
1.839999999999944544e-03	-1.353392443000359187e-06
1.879999999999941180e-03	-1.331210808039664528e-06
1.919999999999937815e-03	-1.349087476956241774e-06
1.959999999999935752e-03	-1.416318102444612587e-06
1.999999999999941061e-03	-1.421929872896434066e-06
2.039999999999946370e-03	-1.299144901047415332e-06
2.079999999999951679e-03	-1.053767332230526001e-06
2.119999999999956988e-03	-7.217732818425479880e-07
2.159999999999962297e-03	-4.767447714540573201e-07
2.199999999999967606e-03	-3.617000289407134796e-07
2.239999999999972916e-03	-4.229391450462759207e-07
2.279999999999978225e-03	-5.592191682087591581e-07
2.319999999999983534e-03	-7.026005284283928037e-07
2.359999999999988843e-03	-8.432618500496832825e-07
2.399999999999994152e-03	-9.514507754399448550e-07
2.439999999999999461e-03	-1.093081083252539752e-06
2.480000000000004770e-03	-1.203211940259784881e-06
2.520000000000010079e-03	-1.307423168208901983e-06
2.560000000000015388e-03	-1.324361940919929640e-06
2.600000000000020697e-03	-1.155340817072488147e-06
2.640000000000026006e-03	-9.205887333971725014e-07
2.680000000000031316e-03	-6.326483310073094422e-07
2.720000000000036625e-03	-4.254581508931786789e-07
2.760000000000041934e-03	-2.774312442904028930e-07
2.800000000000047243e-03	-2.363656131032962894e-07
2.840000000000052552e-03	-2.222874266855529921e-07
2.880000000000057861e-03	-2.152497706988830843e-07
2.920000000000063170e-03	-2.012878001116482711e-07
2.960000000000068479e-03	-1.723736121609321051e-07
3.000000000000073788e-03	-1.525016226425625322e-07
3.040000000000079097e-03	-1.635682431790490080e-07
3.080000000000084406e-03	-1.876530133410547858e-07
3.120000000000089715e-03	-2.307029545227211211e-07
3.160000000000095025e-03	-2.561016510373039966e-07
3.200000000000100334e-03	-2.989236447717004470e-07
3.240000000000105643e-03	-3.260887437482388062e-07
3.280000000000110952e-03	-3.859597246357759963e-07
3.320000000000116261e-03	-4.507635115362958121e-07
3.360000000000121570e-03	-5.531240866627415186e-07
3.400000000000126879e-03	-5.979157548510068020e-07
3.440000000000132188e-03	-5.880574915823715642e-07
3.480000000000137497e-03	-5.080526798730025838e-07
3.520000000000142806e-03	-3.785368786011812150e-07
3.560000000000148115e-03	-2.228147443240988648e-07
3.600000000000153424e-03	-1.235373354320061531e-07
3.640000000000158734e-03	-8.897402282618819458e-08
3.680000000000164043e-03	-8.693928773425251275e-08
3.720000000000169352e-03	-1.099791993070823211e-07
3.760000000000174661e-03	-1.181039037673364002e-07
3.800000000000179970e-03	-8.069487085499904120e-08
3.840000000000185279e-03	2.963994393144145904e-09
3.880000000000190588e-03	1.592290614668314478e-07
3.920000000000195897e-03	3.440083207288701192e-07
3.960000000000201206e-03	5.444773963031010981e-07
4.000000000000206515e-03	7.310827699652342163e-07
4.040000000000211824e-03	8.833551072910938594e-07
4.080000000000217134e-03	9.592553359717735241e-07
4.120000000000222443e-03	9.888778717151203285e-07
4.160000000000227752e-03	9.366911210373760123e-07
4.200000000000233061e-03	8.702471841999042254e-07
4.240000000000238370e-03	7.917737032942702452e-07
4.280000000000243679e-03	7.368515734150114942e-07
4.320000000000248988e-03	7.192908309480370972e-07
4.360000000000254297e-03	7.362653998881395624e-07
4.400000000000259606e-03	7.701540972111119341e-07
4.440000000000264915e-03	7.975074291552760054e-07
4.480000000000270224e-03	7.794322457397822472e-07
4.520000000000275533e-03	7.098551405304309617e-07
4.560000000000280843e-03	5.931193372561441764e-07
4.600000000000286152e-03	4.331218995839469587e-07
4.640000000000291461e-03	2.521383822356417472e-07
4.680000000000296770e-03	8.497638229444174381e-08
4.720000000000302079e-03	-6.443615780414362836e-08
4.760000000000307388e-03	-1.726086816736404473e-07
4.800000000000312697e-03	-2.272731019598540784e-07
4.840000000000318006e-03	-2.587456008978263214e-07
4.880000000000323315e-03	-2.707455626912378668e-07
4.920000000000328624e-03	-2.613817599368987524e-07
4.960000000000333933e-03	-2.506274300600089587e-07
5.000000000000339243e-03	-2.476644343794858211e-07
5.040000000000344552e-03	-2.384358881884709940e-07
5.080000000000349861e-03	-2.385914030422123385e-07
5.120000000000355170e-03	-2.465227652186589989e-07
5.160000000000360479e-03	-2.748538159147651143e-07
5.200000000000365788e-03	-2.893223092715112869e-07
5.240000000000371097e-03	-3.071730494105242186e-07
5.280000000000376406e-03	-3.068725164707797629e-07
5.320000000000381715e-03	-2.988066107472277416e-07
5.360000000000387024e-03	-2.766801061554095030e-07
5.400000000000392333e-03	-2.556291885654699172e-07
5.440000000000397642e-03	-2.385939661684453738e-07
5.480000000000402952e-03	-2.235889369875670529e-07
5.520000000000408261e-03	-2.039198964772172331e-07
5.560000000000413570e-03	-1.979861749055682239e-07
5.600000000000418879e-03	-1.946666485233742191e-07
5.640000000000424188e-03	-2.205264751144551166e-07
5.680000000000429497e-03	-2.497854654959080144e-07
5.720000000000434806e-03	-2.837673432072692295e-07
5.760000000000440115e-03	-2.967617015561487518e-07
5.800000000000445424e-03	-2.891918399430287377e-07
5.840000000000450733e-03	-2.527210232041218189e-07
5.880000000000456042e-03	-2.151794042025611601e-07
5.920000000000461352e-03	-1.776899487188303234e-07
5.960000000000466661e-03	-1.566536682562887253e-07
6.000000000000471970e-03	-1.351969897943162398e-07
6.040000000000477279e-03	-1.097146716659491329e-07
6.080000000000482588e-03	-6.315065598103684179e-08
6.120000000000487897e-03	-9.933726760202564356e-09
6.160000000000493206e-03	5.985909275280071359e-08
6.200000000000498515e-03	1.090645105517174250e-07
6.240000000000503824e-03	1.629023462284225476e-07
6.280000000000509133e-03	1.987365489153285947e-07
6.320000000000514442e-03	2.208756630929632097e-07
6.360000000000519751e-03	2.576918676839099356e-07
6.400000000000525061e-03	2.875801301579685014e-07
6.440000000000530370e-03	3.091105584806499104e-07
6.480000000000535679e-03	3.167316087522526746e-07
6.520000000000540988e-03	3.302509464213928294e-07
6.560000000000546297e-03	3.155892322548121827e-07
6.600000000000551606e-03	2.864249621294725263e-07
6.640000000000556915e-03	2.687909813146725002e-07
6.680000000000562224e-03	2.471431556905866878e-07
6.720000000000567533e-03	2.259658074035663476e-07
6.760000000000572842e-03	1.907639103597458424e-07
6.800000000000578151e-03	1.657442527684274619e-07
6.840000000000583461e-03	1.279815371478710965e-07
6.880000000000588770e-03	8.531663456102305257e-08
6.920000000000594079e-03	5.630924040246296207e-08
6.960000000000599388e-03	4.686540962975152403e-08
7.000000000000604697e-03	3.483237371610795823e-08
