0.000000000000000000e+00	-9.009912977886323957e-31
3.999999999999998294e-05	-2.951918637713745680e-08
7.999999999999987102e-05	-2.043307186353560030e-06
1.199999999999997591e-04	-6.314533157440304834e-06
1.599999999999996607e-04	-1.364290364241703724e-05
1.999999999999995488e-04	-2.257086590505402848e-05
2.399999999999994369e-04	-3.064086530903254834e-05
2.800000000000003007e-04	-3.497866029695285972e-05
3.200000000000012730e-04	-3.340926885698743218e-05
3.600000000000022453e-04	-2.639334853736051203e-05
4.000000000000032176e-04	-1.592271638218462307e-05
4.400000000000041898e-04	-5.397006840772989129e-06
4.800000000000051621e-04	2.514348538164060861e-06
5.200000000000061344e-04	6.856375142129160609e-06
5.600000000000071067e-04	8.071745842555843564e-06
6.000000000000080790e-04	7.613818251376297863e-06
6.400000000000090512e-04	6.866076262329552432e-06
6.800000000000100235e-04	7.087334095557975762e-06
7.200000000000109958e-04	7.313274280539179472e-06
7.600000000000119681e-04	7.916803911623398942e-06
8.000000000000129403e-04	8.242931365223844182e-06
8.400000000000139126e-04	8.493083590492078735e-06
8.800000000000148849e-04	8.532312036041567787e-06
9.200000000000158572e-04	8.337965169953938466e-06
9.600000000000168295e-04	8.236991908450482563e-06
1.000000000000015200e-03	8.170298673646182055e-06
1.040000000000011835e-03	8.414278870121879426e-06
1.080000000000008471e-03	8.964470622101379516e-06
1.120000000000005106e-03	9.486135313499666633e-06
1.160000000000001742e-03	9.917475417763496436e-06
1.199999999999998377e-03	9.856658404233495954e-06
1.239999999999995012e-03	9.268364507473460245e-06
1.279999999999991648e-03	8.238316707868377443e-06
1.319999999999988283e-03	6.963815293592952314e-06
1.359999999999984919e-03	5.628453427639092416e-06
1.399999999999981554e-03	4.380603831500856575e-06
1.439999999999978190e-03	3.404546634736444056e-06
1.479999999999974825e-03	2.653335489407024698e-06
1.519999999999971461e-03	2.162753724840300435e-06
1.559999999999968096e-03	1.862110288345549184e-06
1.599999999999964732e-03	1.693373850166097621e-06
1.639999999999961367e-03	1.624123485476692993e-06
1.679999999999958003e-03	1.521404655515772552e-06
1.719999999999954638e-03	1.397971904162180487e-06
1.759999999999951274e-03	1.212696832929170152e-06
1.799999999999947909e-03	1.060576413895278829e-06
1.839999999999944544e-03	9.856619917943439203e-07
1.879999999999941180e-03	9.457183939478268187e-07
1.919999999999937815e-03	8.633236526500026979e-07
1.959999999999935752e-03	6.804282615289831966e-07
1.999999999999941061e-03	3.298458457884802806e-07
2.039999999999946370e-03	-5.215837631122664956e-08
2.079999999999951679e-03	-4.249726230517522427e-07
2.119999999999956988e-03	-5.068153851447513357e-07
2.159999999999962297e-03	-4.127100730925350089e-07
2.199999999999967606e-03	-1.234186721547825156e-07
2.239999999999972916e-03	1.442295711830369847e-07
2.279999999999978225e-03	2.753536976988782072e-07
2.319999999999983534e-03	1.586878010527186332e-07
2.359999999999988843e-03	-1.909496771322880098e-07
2.399999999999994152e-03	-6.536391406081752403e-07
2.439999999999999461e-03	-1.180451934421783960e-06
2.480000000000004770e-03	-1.595686978282106242e-06
2.520000000000010079e-03	-1.939185975474619718e-06
2.560000000000015388e-03	-2.105426049225590432e-06
2.600000000000020697e-03	-1.986898373518774551e-06
2.640000000000026006e-03	-1.727928326493027654e-06
2.680000000000031316e-03	-1.245936509599047522e-06
2.720000000000036625e-03	-8.004249169329494665e-07
2.760000000000041934e-03	-3.730045038844115526e-07
2.800000000000047243e-03	-1.104835947485421348e-07
2.840000000000052552e-03	-1.687115337113127611e-08
2.880000000000057861e-03	-5.254810601375730645e-08
2.920000000000063170e-03	-1.897926824227301578e-07
2.960000000000068479e-03	-3.498133495147933851e-07
3.000000000000073788e-03	-5.298436812301913121e-07
3.040000000000079097e-03	-6.831878264180153853e-07
3.080000000000084406e-03	-8.045418255795442629e-07
3.120000000000089715e-03	-8.174611916412747162e-07
3.160000000000095025e-03	-8.258899416316579229e-07
3.200000000000100334e-03	-8.117270161904521339e-07
3.240000000000105643e-03	-8.225811638819525502e-07
3.280000000000110952e-03	-8.836512855315533067e-07
3.320000000000116261e-03	-1.013161757210502056e-06
3.360000000000121570e-03	-1.133750703059332176e-06
3.400000000000126879e-03	-1.196083051797439701e-06
3.440000000000132188e-03	-1.241512639287757946e-06
3.480000000000137497e-03	-1.254309791883945210e-06
3.520000000000142806e-03	-1.266119112310088723e-06
3.560000000000148115e-03	-1.298525108106934902e-06
3.600000000000153424e-03	-1.292823283040262444e-06
3.640000000000158734e-03	-1.253528722907753932e-06
3.680000000000164043e-03	-1.136579906690987462e-06
3.720000000000169352e-03	-9.805666892430816791e-07
3.760000000000174661e-03	-7.602418799021559691e-07
3.800000000000179970e-03	-5.359791187900591712e-07
3.840000000000185279e-03	-2.913173072469462246e-07
3.880000000000190588e-03	-3.869608229357907598e-08
3.920000000000195897e-03	2.514287464932254053e-07
3.960000000000201206e-03	5.432774045790816295e-07
4.000000000000206515e-03	7.859910536332756273e-07
4.040000000000211824e-03	9.688132055140252101e-07
4.080000000000217134e-03	1.096421463529000696e-06
4.120000000000222443e-03	1.167538784835158307e-06
4.160000000000227752e-03	1.214623285297876141e-06
4.200000000000233061e-03	1.253561508083742628e-06
4.240000000000238370e-03	1.278078763007968284e-06
4.280000000000243679e-03	1.253702435414196572e-06
4.320000000000248988e-03	1.202368724979521569e-06
4.360000000000254297e-03	1.096965506684747217e-06
4.400000000000259606e-03	9.907109456573338791e-07
4.440000000000264915e-03	8.998884546689051975e-07
4.480000000000270224e-03	8.196338931851272842e-07
4.520000000000275533e-03	7.555513756688969661e-07
4.560000000000280843e-03	6.505585333063280846e-07
4.600000000000286152e-03	5.405333220515914173e-07
4.640000000000291461e-03	4.082755769244642984e-07
4.680000000000296770e-03	2.717752264099267392e-07
4.720000000000302079e-03	1.483347735408389095e-07
4.760000000000307388e-03	3.421723848274369509e-08
4.800000000000312697e-03	-4.077516153724446522e-08
4.840000000000318006e-03	-1.044157490110165001e-07
4.880000000000323315e-03	-1.325575438063370357e-07
4.920000000000328624e-03	-1.143571031758993345e-07
4.960000000000333933e-03	-2.668432848933815451e-08
5.000000000000339243e-03	9.399390123502813704e-08
5.040000000000344552e-03	2.331248931702804896e-07
5.080000000000349861e-03	3.469334205675873170e-07
5.120000000000355170e-03	4.000382976635269027e-07
5.160000000000360479e-03	3.861920493343309590e-07
5.200000000000365788e-03	3.308188352524434027e-07
5.240000000000371097e-03	2.668012915789608943e-07
5.280000000000376406e-03	2.336113306846503446e-07
5.320000000000381715e-03	1.974277899142237183e-07
5.360000000000387024e-03	1.892828407195250446e-07
5.400000000000392333e-03	1.550121504460453796e-07
5.440000000000397642e-03	8.771386487888903266e-08
5.480000000000402952e-03	1.866351322948305753e-08
5.520000000000408261e-03	-6.171392833727882782e-08
5.560000000000413570e-03	-1.210911118122518036e-07
5.600000000000418879e-03	-1.710421704629173876e-07
5.640000000000424188e-03	-2.283690651973142563e-07
5.680000000000429497e-03	-2.795546910208622180e-07
5.720000000000434806e-03	-3.487481532769069484e-07
5.760000000000440115e-03	-4.103272433862647589e-07
5.800000000000445424e-03	-4.390433053192292120e-07
5.840000000000450733e-03	-4.429172027070741594e-07
5.880000000000456042e-03	-4.212202081096051859e-07
5.920000000000461352e-03	-3.819275528724496994e-07
5.960000000000466661e-03	-3.653379656708248860e-07
6.000000000000471970e-03	-3.558605090665475191e-07
6.040000000000477279e-03	-3.620400767588871939e-07
6.080000000000482588e-03	-3.624841051757058831e-07
6.120000000000487897e-03	-3.551321672044580869e-07
6.160000000000493206e-03	-3.327800460804177323e-07
6.200000000000498515e-03	-2.889246080684521294e-07
6.240000000000503824e-03	-2.482597914261079284e-07
6.280000000000509133e-03	-2.104294047351530712e-07
6.320000000000514442e-03	-1.713383580329048977e-07
6.360000000000519751e-03	-1.244264666208138744e-07
6.400000000000525061e-03	-9.059379834154319810e-08
6.440000000000530370e-03	-6.085721914750759874e-08
6.480000000000535679e-03	-4.716478463781796966e-08
6.520000000000540988e-03	-4.294720808261308955e-08
6.560000000000546297e-03	-1.708348623511410253e-08
6.600000000000551606e-03	1.201626330774642509e-08
6.640000000000556915e-03	6.226825428962848402e-08
6.680000000000562224e-03	1.176530665965254968e-07
6.720000000000567533e-03	1.712692387510798503e-07
6.760000000000572842e-03	1.941900769389582085e-07
6.800000000000578151e-03	1.887056965983612576e-07
6.840000000000583461e-03	1.576883350961090432e-07
6.880000000000588770e-03	1.286772410504980484e-07
6.920000000000594079e-03	1.043246393015131866e-07
6.960000000000599388e-03	7.615274741201498626e-08
7.000000000000604697e-03	7.349718162298200690e-08
