0.000000000000000000e+00	-5.252547244191132048e-31
3.999999999999998294e-05	-2.642131748532753228e-08
7.999999999999987102e-05	-2.045346334005729619e-06
1.199999999999997591e-04	-6.334259641355216069e-06
1.599999999999996607e-04	-1.366942227480814064e-05
1.999999999999995488e-04	-2.271585699452689273e-05
2.399999999999994369e-04	-3.100072578005517684e-05
2.800000000000003007e-04	-3.561621698466519299e-05
3.200000000000012730e-04	-3.434000477776787575e-05
3.600000000000022453e-04	-2.750364132323072463e-05
4.000000000000032176e-04	-1.690935076297207719e-05
4.400000000000041898e-04	-6.085579871179344143e-06
4.800000000000051621e-04	2.439900926472885684e-06
5.200000000000061344e-04	7.360751263053554321e-06
5.600000000000071067e-04	9.106146187927261244e-06
6.000000000000080790e-04	9.120728024311736704e-06
6.400000000000090512e-04	8.531026073224713780e-06
6.800000000000100235e-04	8.939023282750460024e-06
7.200000000000109958e-04	9.194017456612863263e-06
7.600000000000119681e-04	9.929144618350202602e-06
8.000000000000129403e-04	1.048254716605731978e-05
8.400000000000139126e-04	1.114121472633890847e-05
8.800000000000148849e-04	1.154887202224668905e-05
9.200000000000158572e-04	1.176444923445695230e-05
9.600000000000168295e-04	1.167527451227594695e-05
1.000000000000015200e-03	1.114141602934639686e-05
1.040000000000011835e-03	1.053740786694387725e-05
1.080000000000008471e-03	9.740533616329859331e-06
1.120000000000005106e-03	9.048884342071284641e-06
1.160000000000001742e-03	8.321877651215693795e-06
1.199999999999998377e-03	7.584107901177597945e-06
1.239999999999995012e-03	6.863075607335451003e-06
1.279999999999991648e-03	6.070229354154886215e-06
1.319999999999988283e-03	5.391667670308884345e-06
1.359999999999984919e-03	4.721669673368789290e-06
1.399999999999981554e-03	4.201865697285491535e-06
1.439999999999978190e-03	3.641969554382024052e-06
1.479999999999974825e-03	2.978959601834759516e-06
1.519999999999971461e-03	2.175617204236098276e-06
1.559999999999968096e-03	1.346015334329373467e-06
1.599999999999964732e-03	5.423705558736113658e-07
1.639999999999961367e-03	-1.087923436805212641e-07
1.679999999999958003e-03	-6.313702347352564911e-07
1.719999999999954638e-03	-1.011807432269545214e-06
1.759999999999951274e-03	-1.327358049293256318e-06
1.799999999999947909e-03	-1.621806308297111725e-06
1.839999999999944544e-03	-1.766846483501375447e-06
1.879999999999941180e-03	-1.834259570894222678e-06
1.919999999999937815e-03	-1.660506706300712790e-06
1.959999999999935752e-03	-1.370419566751506344e-06
1.999999999999941061e-03	-1.084463113832593021e-06
2.039999999999946370e-03	-8.414331144341972990e-07
2.079999999999951679e-03	-7.165964742603074841e-07
2.119999999999956988e-03	-6.189089793636126923e-07
2.159999999999962297e-03	-5.613324636157578525e-07
2.199999999999967606e-03	-4.729414312920347798e-07
2.239999999999972916e-03	-3.914347524854772360e-07
2.279999999999978225e-03	-3.414747722318586452e-07
2.319999999999983534e-03	-3.790589259981134220e-07
2.359999999999988843e-03	-5.364036813010597270e-07
2.399999999999994152e-03	-6.970078061448874220e-07
2.439999999999999461e-03	-8.440347362395552069e-07
2.480000000000004770e-03	-8.564447285557101625e-07
2.520000000000010079e-03	-7.804924807764756513e-07
2.560000000000015388e-03	-6.274387296954552440e-07
2.600000000000020697e-03	-4.311074411916656445e-07
2.640000000000026006e-03	-3.121294326104760547e-07
2.680000000000031316e-03	-2.494656218703528431e-07
2.720000000000036625e-03	-2.834321115128149473e-07
2.760000000000041934e-03	-3.439492055969217278e-07
2.800000000000047243e-03	-4.321670277488572228e-07
2.840000000000052552e-03	-5.292737419557378655e-07
2.880000000000057861e-03	-6.463055424862802883e-07
2.920000000000063170e-03	-7.941096787723961147e-07
2.960000000000068479e-03	-8.972012982204362057e-07
3.000000000000073788e-03	-9.668829781164607728e-07
3.040000000000079097e-03	-9.672453731632696039e-07
3.080000000000084406e-03	-8.707677539709494301e-07
3.120000000000089715e-03	-7.289293675080227635e-07
3.160000000000095025e-03	-5.796322970821433268e-07
3.200000000000100334e-03	-4.733937276870996266e-07
3.240000000000105643e-03	-4.088054462390983594e-07
3.280000000000110952e-03	-3.678054861083176664e-07
3.320000000000116261e-03	-2.766610232333035743e-07
3.360000000000121570e-03	-1.878145075851358686e-07
3.400000000000126879e-03	-6.085888627971780703e-08
3.440000000000132188e-03	2.815155206106220384e-08
3.480000000000137497e-03	9.548719748945110636e-08
3.520000000000142806e-03	1.690721261129884783e-07
3.560000000000148115e-03	2.297867281971647963e-07
3.600000000000153424e-03	3.560960073573773751e-07
3.640000000000158734e-03	4.976678681613661598e-07
3.680000000000164043e-03	6.293142768459294370e-07
3.720000000000169352e-03	7.011662394987452682e-07
3.760000000000174661e-03	6.713227362741863954e-07
3.800000000000179970e-03	5.965453927414774401e-07
3.840000000000185279e-03	5.131788801514956084e-07
3.880000000000190588e-03	4.523658364278471443e-07
3.920000000000195897e-03	4.232890274592131863e-07
3.960000000000201206e-03	3.832024983376882653e-07
4.000000000000206515e-03	3.167095226130195500e-07
4.040000000000211824e-03	2.233196024491250088e-07
4.080000000000217134e-03	1.046601260872220193e-07
4.120000000000222443e-03	1.600860024906510764e-08
4.160000000000227752e-03	-3.721171100191352004e-08
4.200000000000233061e-03	-5.620307774632637299e-08
4.240000000000238370e-03	-4.728661185431511144e-08
4.280000000000243679e-03	-4.721083942071772125e-08
4.320000000000248988e-03	-4.723646638126750575e-08
4.360000000000254297e-03	-2.600408505859765632e-08
4.400000000000259606e-03	2.211236135778487298e-08
4.440000000000264915e-03	1.311303841713013230e-07
4.480000000000270224e-03	2.553083002349188723e-07
4.520000000000275533e-03	3.701111568155031861e-07
4.560000000000280843e-03	4.771614296415778149e-07
4.600000000000286152e-03	5.386130672795339868e-07
4.640000000000291461e-03	5.864018453476911752e-07
4.680000000000296770e-03	6.116278252043287286e-07
4.720000000000302079e-03	6.215656167336566397e-07
4.760000000000307388e-03	6.084574039918503155e-07
4.800000000000312697e-03	5.639065864090714669e-07
4.840000000000318006e-03	4.779800700535370732e-07
4.880000000000323315e-03	3.493196805796976605e-07
4.920000000000328624e-03	2.231356492999638186e-07
4.960000000000333933e-03	9.098449714295722359e-08
5.000000000000339243e-03	-9.462298072475225666e-09
5.040000000000344552e-03	-1.210932127893800327e-07
5.080000000000349861e-03	-2.095726349231484553e-07
5.120000000000355170e-03	-3.078953559963679090e-07
5.160000000000360479e-03	-4.107587232477590231e-07
5.200000000000365788e-03	-4.729871527006460606e-07
5.240000000000371097e-03	-5.339832109965434395e-07
5.280000000000376406e-03	-5.427319917224833295e-07
5.320000000000381715e-03	-5.262211646609824220e-07
5.360000000000387024e-03	-4.774545719757855965e-07
5.400000000000392333e-03	-3.794226499790660272e-07
5.440000000000397642e-03	-2.747208513512106485e-07
5.480000000000402952e-03	-1.522246674450273365e-07
5.520000000000408261e-03	-5.555787911369266456e-08
5.560000000000413570e-03	2.151535968678166202e-08
5.600000000000418879e-03	3.567353490469681555e-08
5.640000000000424188e-03	2.492379863358042667e-08
5.680000000000429497e-03	-9.681293537451861257e-09
5.720000000000434806e-03	-4.057773995463904736e-08
5.760000000000440115e-03	-3.689594879051397069e-08
5.800000000000445424e-03	-2.407445831953134881e-08
5.840000000000450733e-03	1.784482711790209242e-08
5.880000000000456042e-03	4.777921643917296768e-08
5.920000000000461352e-03	6.456944639726897788e-08
5.960000000000466661e-03	5.214745334510425721e-08
6.000000000000471970e-03	1.254416482970364315e-08
6.040000000000477279e-03	-2.834522643955591196e-08
6.080000000000482588e-03	-7.336425822836273341e-08
6.120000000000487897e-03	-1.034903082138001432e-07
6.160000000000493206e-03	-1.073207234556020681e-07
6.200000000000498515e-03	-9.979228914357849088e-08
6.240000000000503824e-03	-7.082848429789007852e-08
6.280000000000509133e-03	-4.495074547708849322e-08
6.320000000000514442e-03	4.406992914494887802e-10
6.360000000000519751e-03	3.840841560566589836e-08
6.400000000000525061e-03	7.103471047748432489e-08
6.440000000000530370e-03	8.883591357043100736e-08
6.480000000000535679e-03	1.081782147956647397e-07
6.520000000000540988e-03	1.152401880542811257e-07
6.560000000000546297e-03	1.123843553791537315e-07
6.600000000000551606e-03	1.096635236751938234e-07
6.640000000000556915e-03	1.077267177809338063e-07
6.680000000000562224e-03	9.123004440078920765e-08
6.720000000000567533e-03	7.468662539887123138e-08
6.760000000000572842e-03	4.694616941992006429e-08
6.800000000000578151e-03	1.903482737358039647e-08
6.840000000000583461e-03	-4.642030259071796508e-09
6.880000000000588770e-03	-3.398941083232294212e-08
6.920000000000594079e-03	-5.124956489272967891e-08
6.960000000000599388e-03	-6.685981964323473865e-08
7.000000000000604697e-03	-6.869476476773434303e-08
