0.000000000000000000e+00	1.791927186190076737e-31
3.999999999999998294e-05	-2.678279397209475054e-08
7.999999999999987102e-05	-2.055217152274310556e-06
1.199999999999997591e-04	-6.587884219920159517e-06
1.599999999999996607e-04	-1.475260176889933772e-05
1.999999999999995488e-04	-2.535522046440597151e-05
2.399999999999994369e-04	-3.590446023107618398e-05
2.800000000000003007e-04	-4.285595349191011753e-05
3.200000000000012730e-04	-4.316177059619436728e-05
3.600000000000022453e-04	-3.625029485524913748e-05
4.000000000000032176e-04	-2.373169980528815401e-05
4.400000000000041898e-04	-9.327522572672750187e-06
4.800000000000051621e-04	3.290283243381036458e-06
5.200000000000061344e-04	1.188664884667888271e-05
5.600000000000071067e-04	1.602379025624117487e-05
6.000000000000080790e-04	1.696925946695773552e-05
6.400000000000090512e-04	1.641176177272312046e-05
6.800000000000100235e-04	1.612634814940554597e-05
7.200000000000109958e-04	1.576768441165900278e-05
7.600000000000119681e-04	1.565037815108058603e-05
8.000000000000129403e-04	1.530876159993486434e-05
8.400000000000139126e-04	1.478608038928146449e-05
8.800000000000148849e-04	1.400753908822220602e-05
9.200000000000158572e-04	1.304153845814765219e-05
9.600000000000168295e-04	1.206549582906674444e-05
1.000000000000015200e-03	1.093689171152783743e-05
1.040000000000011835e-03	9.850610892369756445e-06
1.080000000000008471e-03	8.639481277852335150e-06
1.120000000000005106e-03	7.562189807963029208e-06
1.160000000000001742e-03	6.611578236100604407e-06
1.199999999999998377e-03	5.795126950585086671e-06
1.239999999999995012e-03	5.012630556584113462e-06
1.279999999999991648e-03	4.150196728023747920e-06
1.319999999999988283e-03	3.118300081061545884e-06
1.359999999999984919e-03	1.952432700723152441e-06
1.399999999999981554e-03	8.416104619319507083e-07
1.439999999999978190e-03	4.716379651373651295e-08
1.479999999999974825e-03	-2.694345397933855321e-07
1.519999999999971461e-03	-8.156762790461112666e-08
1.559999999999968096e-03	4.420289420087230846e-07
1.599999999999964732e-03	9.854583361917919598e-07
1.639999999999961367e-03	1.359816436246169796e-06
1.679999999999958003e-03	1.447873853018580999e-06
1.719999999999954638e-03	1.255729796970611014e-06
1.759999999999951274e-03	9.388660901095333707e-07
1.799999999999947909e-03	5.822027779727879325e-07
1.839999999999944544e-03	2.974461916316423222e-07
1.879999999999941180e-03	2.932060078355213897e-08
1.919999999999937815e-03	-2.911661123480937590e-07
1.959999999999935752e-03	-6.546028358533106912e-07
1.999999999999941061e-03	-1.080154563423370231e-06
2.039999999999946370e-03	-1.528232292018879170e-06
2.079999999999951679e-03	-1.952238159337117163e-06
2.119999999999956988e-03	-2.285686765556885351e-06
2.159999999999962297e-03	-2.478363224890619424e-06
2.199999999999967606e-03	-2.499558499794235350e-06
2.239999999999972916e-03	-2.383044595720927928e-06
2.279999999999978225e-03	-2.029460879080690769e-06
2.319999999999983534e-03	-1.493225751652211429e-06
2.359999999999988843e-03	-8.721831065157763704e-07
2.399999999999994152e-03	-2.615950263315525407e-07
2.439999999999999461e-03	2.003512482490453334e-07
2.480000000000004770e-03	4.380990811800680744e-07
2.520000000000010079e-03	4.833848967499842038e-07
2.560000000000015388e-03	3.186655722372934863e-07
2.600000000000020697e-03	1.390147399263058978e-07
2.640000000000026006e-03	-3.154195525710631718e-08
2.680000000000031316e-03	-9.681514480145208269e-08
2.720000000000036625e-03	-7.464570645388195406e-08
2.760000000000041934e-03	1.512120290504710574e-08
2.800000000000047243e-03	1.505894995709994247e-07
2.840000000000052552e-03	2.683566763882466716e-07
2.880000000000057861e-03	3.502500279876614285e-07
2.920000000000063170e-03	3.533453734093884091e-07
2.960000000000068479e-03	2.944251824708906189e-07
3.000000000000073788e-03	1.424799779605390798e-07
3.040000000000079097e-03	-1.024806809445194053e-07
3.080000000000084406e-03	-4.089297065577418559e-07
3.120000000000089715e-03	-7.254526654647220922e-07
3.160000000000095025e-03	-9.530316739842677814e-07
3.200000000000100334e-03	-1.088843046173527761e-06
3.240000000000105643e-03	-1.070485176640914014e-06
3.280000000000110952e-03	-9.362973063810834131e-07
3.320000000000116261e-03	-7.501999085853653237e-07
3.360000000000121570e-03	-5.783901238132593109e-07
3.400000000000126879e-03	-4.347764994617300857e-07
3.440000000000132188e-03	-2.821902949327432802e-07
3.480000000000137497e-03	-1.120279214690266608e-07
3.520000000000142806e-03	1.001254012954378297e-07
3.560000000000148115e-03	2.957802170187030817e-07
3.600000000000153424e-03	4.843127932738931797e-07
3.640000000000158734e-03	5.871267122551876025e-07
3.680000000000164043e-03	6.175968771767456255e-07
3.720000000000169352e-03	5.820202268630190984e-07
3.760000000000174661e-03	5.027698378333979792e-07
3.800000000000179970e-03	4.345334144806434034e-07
3.840000000000185279e-03	3.674874796610512242e-07
3.880000000000190588e-03	3.035062104259005658e-07
3.920000000000195897e-03	2.541010153326611338e-07
3.960000000000201206e-03	2.606516329584603288e-07
4.000000000000206515e-03	3.267837736743097410e-07
4.040000000000211824e-03	4.150055039496908533e-07
4.080000000000217134e-03	5.235540039802260875e-07
4.120000000000222443e-03	6.081261295913393962e-07
4.160000000000227752e-03	6.274788328748760877e-07
4.200000000000233061e-03	5.528434252904253654e-07
4.240000000000238370e-03	4.075846306052998698e-07
4.280000000000243679e-03	2.071164497503368843e-07
4.320000000000248988e-03	-1.321492329102004116e-08
4.360000000000254297e-03	-2.314898455528997344e-07
4.400000000000259606e-03	-4.411350768331175958e-07
4.440000000000264915e-03	-5.612828357850317447e-07
4.480000000000270224e-03	-6.532435151528507320e-07
4.520000000000275533e-03	-6.284811610123134798e-07
4.560000000000280843e-03	-5.552099479965030012e-07
4.600000000000286152e-03	-4.042364455511816437e-07
4.640000000000291461e-03	-2.157434364876175398e-07
4.680000000000296770e-03	-4.400138168497700609e-08
4.720000000000302079e-03	1.150194921316493849e-07
4.760000000000307388e-03	2.147513221918891916e-07
4.800000000000312697e-03	2.602089104163472284e-07
4.840000000000318006e-03	2.589927947266845893e-07
4.880000000000323315e-03	2.063432946324713403e-07
4.920000000000328624e-03	1.611891871924705207e-07
4.960000000000333933e-03	1.140795037301587822e-07
5.000000000000339243e-03	1.105053018993263684e-07
5.040000000000344552e-03	1.307441025393628889e-07
5.080000000000349861e-03	1.876299476004990974e-07
5.120000000000355170e-03	2.579331557067174304e-07
5.160000000000360479e-03	3.120379963103037076e-07
5.200000000000365788e-03	3.328613170639006854e-07
5.240000000000371097e-03	3.179769607976759962e-07
5.280000000000376406e-03	2.907672844002747334e-07
5.320000000000381715e-03	2.442891928807507411e-07
5.360000000000387024e-03	1.824840662817930212e-07
5.400000000000392333e-03	1.334549827014550494e-07
5.440000000000397642e-03	5.769963359442106003e-08
5.480000000000402952e-03	-1.474779348417231865e-08
5.520000000000408261e-03	-7.999870565881336145e-08
5.560000000000413570e-03	-1.572110008405500919e-07
5.600000000000418879e-03	-1.948328969742615856e-07
5.640000000000424188e-03	-2.216288449374908734e-07
5.680000000000429497e-03	-2.295860726900222599e-07
5.720000000000434806e-03	-2.332669331004130713e-07
5.760000000000440115e-03	-2.384430046391026122e-07
5.800000000000445424e-03	-2.325563499586217329e-07
5.840000000000450733e-03	-2.293903153196860591e-07
5.880000000000456042e-03	-2.208079416680097797e-07
5.920000000000461352e-03	-1.840147202511234185e-07
5.960000000000466661e-03	-1.466745288764639705e-07
6.000000000000471970e-03	-1.000190361315101918e-07
6.040000000000477279e-03	-5.612752433695501877e-08
6.080000000000482588e-03	-1.495667526315110574e-08
6.120000000000487897e-03	1.075156839279321769e-08
6.160000000000493206e-03	2.445747256665942695e-08
6.200000000000498515e-03	1.949003052198372696e-08
6.240000000000503824e-03	-8.309719524999199265e-09
6.280000000000509133e-03	-9.836149065373783549e-09
6.320000000000514442e-03	-1.929609441314190463e-08
6.360000000000519751e-03	-2.977097333833450995e-11
6.400000000000525061e-03	3.101638469113137295e-08
6.440000000000530370e-03	7.725727444817056154e-08
6.480000000000535679e-03	1.345797338941556820e-07
6.520000000000540988e-03	1.529412803497452271e-07
6.560000000000546297e-03	1.571478268717759736e-07
6.600000000000551606e-03	1.464321602851604133e-07
6.640000000000556915e-03	1.068341069630815330e-07
6.680000000000562224e-03	5.076981816212638649e-08
6.720000000000567533e-03	-3.678066215670662831e-09
6.760000000000572842e-03	-4.917940001121835744e-08
6.800000000000578151e-03	-7.205654948689509166e-08
6.840000000000583461e-03	-6.914991561899462123e-08
6.880000000000588770e-03	-2.833299008294102592e-08
6.920000000000594079e-03	2.917138101917574329e-08
6.960000000000599388e-03	9.852505737195794749e-08
7.000000000000604697e-03	1.671850997073965612e-07
