0.000000000000000000e+00	-2.587034179982149278e-30
3.999999999999998294e-05	-3.023705265230977194e-08
7.999999999999987102e-05	-2.050711353405365519e-06
1.199999999999997591e-04	-6.331666766220587516e-06
1.599999999999996607e-04	-1.367157427879208907e-05
1.999999999999995488e-04	-2.263311545778737879e-05
2.399999999999994369e-04	-3.085673825639480923e-05
2.800000000000003007e-04	-3.544248492949413337e-05
3.200000000000012730e-04	-3.407216149460412925e-05
3.600000000000022453e-04	-2.708631228634649922e-05
4.000000000000032176e-04	-1.640227906036238645e-05
4.400000000000041898e-04	-5.423681489941983997e-06
4.800000000000051621e-04	3.075135452847295381e-06
5.200000000000061344e-04	7.911035953399545039e-06
5.600000000000071067e-04	9.387469086046131318e-06
6.000000000000080790e-04	9.033417457959229125e-06
6.400000000000090512e-04	8.218006387893940265e-06
6.800000000000100235e-04	8.470835034008697434e-06
7.200000000000109958e-04	8.818508154205379309e-06
7.600000000000119681e-04	9.634051232282149138e-06
8.000000000000129403e-04	1.020078602868621819e-05
8.400000000000139126e-04	1.067440201325467086e-05
8.800000000000148849e-04	1.090900539727179854e-05
9.200000000000158572e-04	1.076063312794280732e-05
9.600000000000168295e-04	1.052664291169376536e-05
1.000000000000015200e-03	9.944588672624799487e-06
1.040000000000011835e-03	9.276681221638464648e-06
1.080000000000008471e-03	8.406271094780435674e-06
1.120000000000005106e-03	7.495282230678142375e-06
1.160000000000001742e-03	6.733478867739050315e-06
1.199999999999998377e-03	6.112587846798730780e-06
1.239999999999995012e-03	5.784059978112489052e-06
1.279999999999991648e-03	5.587638940076269273e-06
1.319999999999988283e-03	5.558538280948734675e-06
1.359999999999984919e-03	5.488466319062515643e-06
1.399999999999981554e-03	5.336239303207184891e-06
1.439999999999978190e-03	5.007877188590433412e-06
1.479999999999974825e-03	4.408620261884627803e-06
1.519999999999971461e-03	3.589018838255778334e-06
1.559999999999968096e-03	2.583843960324882822e-06
1.599999999999964732e-03	1.522880333526154823e-06
1.639999999999961367e-03	5.481555934022747479e-07
1.679999999999958003e-03	-1.927500030542389208e-07
1.719999999999954638e-03	-7.010511761965881665e-07
1.759999999999951274e-03	-1.070654618278523589e-06
1.799999999999947909e-03	-1.342999476380790756e-06
1.839999999999944544e-03	-1.621477657868882595e-06
1.879999999999941180e-03	-1.806304505464795041e-06
1.919999999999937815e-03	-1.878225773313431701e-06
1.959999999999935752e-03	-1.694510844215040690e-06
1.999999999999941061e-03	-1.390275221450045818e-06
2.039999999999946370e-03	-9.955444511193437979e-07
2.079999999999951679e-03	-6.857289175919652034e-07
2.119999999999956988e-03	-4.711062833282998102e-07
2.159999999999962297e-03	-3.934288671883758552e-07
2.199999999999967606e-03	-3.289143908111491789e-07
2.239999999999972916e-03	-2.559268083756924683e-07
2.279999999999978225e-03	-1.980413033885512781e-07
2.319999999999983534e-03	-1.349300168923246821e-07
2.359999999999988843e-03	-1.849057697552855518e-07
2.399999999999994152e-03	-2.600671005330370272e-07
2.439999999999999461e-03	-3.437722070900266049e-07
2.480000000000004770e-03	-4.199041175800135928e-07
2.520000000000010079e-03	-3.813644174076788138e-07
2.560000000000015388e-03	-2.727355777778366440e-07
2.600000000000020697e-03	-8.072565088814335251e-08
2.640000000000026006e-03	6.876771104527581151e-08
2.680000000000031316e-03	2.168768963397112558e-07
2.720000000000036625e-03	2.766264540753125158e-07
2.760000000000041934e-03	2.761010247105143174e-07
2.800000000000047243e-03	1.517103606138656439e-07
2.840000000000052552e-03	-7.044964092619353954e-08
2.880000000000057861e-03	-3.184814850677288245e-07
2.920000000000063170e-03	-6.128224288136908956e-07
2.960000000000068479e-03	-8.279155729835281735e-07
3.000000000000073788e-03	-9.711227719515032610e-07
3.040000000000079097e-03	-1.006342644541888805e-06
3.080000000000084406e-03	-9.540391918680551026e-07
3.120000000000089715e-03	-8.704617120079387008e-07
3.160000000000095025e-03	-7.506619526464306770e-07
3.200000000000100334e-03	-6.736209160320486102e-07
3.240000000000105643e-03	-6.444923433808356465e-07
3.280000000000110952e-03	-6.280949691877442510e-07
3.320000000000116261e-03	-6.614470218727815084e-07
3.360000000000121570e-03	-6.698054070007129391e-07
3.400000000000126879e-03	-6.728710937174070587e-07
3.440000000000132188e-03	-6.522671937348162080e-07
3.480000000000137497e-03	-6.112162972623756592e-07
3.520000000000142806e-03	-5.327514466123174246e-07
3.560000000000148115e-03	-4.446888317324991521e-07
3.600000000000153424e-03	-3.284801232961658212e-07
3.640000000000158734e-03	-2.055226721410134972e-07
3.680000000000164043e-03	-1.141148285736929249e-07
3.720000000000169352e-03	-2.473596462142380837e-08
3.760000000000174661e-03	4.632009912258654119e-08
3.800000000000179970e-03	1.120611236671243366e-07
3.840000000000185279e-03	1.931755177996405840e-07
3.880000000000190588e-03	2.694618598245419982e-07
3.920000000000195897e-03	3.525797786278066195e-07
3.960000000000201206e-03	4.073156263158493604e-07
4.000000000000206515e-03	4.062246734787792899e-07
4.040000000000211824e-03	3.867915262734608958e-07
4.080000000000217134e-03	3.488005822193119643e-07
4.120000000000222443e-03	3.346236862695935853e-07
4.160000000000227752e-03	3.592659628924396607e-07
4.200000000000233061e-03	4.247427700330796209e-07
4.240000000000238370e-03	4.894820745654311453e-07
4.280000000000243679e-03	5.440079874681566608e-07
4.320000000000248988e-03	5.743578768612661057e-07
4.360000000000254297e-03	5.348256696933110699e-07
4.400000000000259606e-03	4.917586684640012502e-07
4.440000000000264915e-03	4.382103923759828875e-07
4.480000000000270224e-03	4.156845446180096840e-07
4.520000000000275533e-03	4.040151696364709717e-07
4.560000000000280843e-03	3.743845658867356420e-07
4.600000000000286152e-03	3.720510013778720695e-07
4.640000000000291461e-03	3.360859114522497146e-07
4.680000000000296770e-03	3.000893770810292354e-07
4.720000000000302079e-03	2.606024925168779583e-07
4.760000000000307388e-03	2.061580579956759869e-07
4.800000000000312697e-03	1.270832269745307550e-07
4.840000000000318006e-03	4.174661134071469668e-08
4.880000000000323315e-03	-4.337185353791617007e-08
4.920000000000328624e-03	-1.206385379031712342e-07
4.960000000000333933e-03	-1.641158691147507164e-07
5.000000000000339243e-03	-1.661687782481963229e-07
5.040000000000344552e-03	-1.252530089806031800e-07
5.080000000000349861e-03	-5.584652984900875332e-08
5.120000000000355170e-03	-5.236783858784126819e-09
5.160000000000360479e-03	6.760357711187981931e-08
5.200000000000365788e-03	1.011777702386604075e-07
5.240000000000371097e-03	1.350960015861714804e-07
5.280000000000376406e-03	1.394800827194248218e-07
5.320000000000381715e-03	1.087120919430027597e-07
5.360000000000387024e-03	7.268717429879481964e-08
5.400000000000392333e-03	1.334145955663904612e-08
5.440000000000397642e-03	-3.550748753612125331e-08
5.480000000000402952e-03	-6.710807219582383075e-08
5.520000000000408261e-03	-8.395718339147172574e-08
5.560000000000413570e-03	-6.554466551664624869e-08
5.600000000000418879e-03	-6.336592818437947503e-08
5.640000000000424188e-03	-7.322640261677490122e-08
5.680000000000429497e-03	-1.199983318899779113e-07
5.720000000000434806e-03	-1.486358560347469744e-07
5.760000000000440115e-03	-1.787064894143369254e-07
5.800000000000445424e-03	-1.807340328256110266e-07
5.840000000000450733e-03	-1.564540854567650545e-07
5.880000000000456042e-03	-1.154209353592180314e-07
5.920000000000461352e-03	-5.544281131544699240e-08
5.960000000000466661e-03	-4.740265462464271971e-08
6.000000000000471970e-03	-4.077207864066298592e-08
6.040000000000477279e-03	-5.777769339761111677e-08
6.080000000000482588e-03	-8.445542213218050362e-08
6.120000000000487897e-03	-9.336305246477938289e-08
6.160000000000493206e-03	-1.040437327617521703e-07
6.200000000000498515e-03	-9.001859422807930759e-08
6.240000000000503824e-03	-8.107886904636010725e-08
6.280000000000509133e-03	-6.860261262447957100e-08
6.320000000000514442e-03	-5.842848182694233486e-08
6.360000000000519751e-03	-6.119867951032630408e-08
6.400000000000525061e-03	-4.763654856965666267e-08
6.440000000000530370e-03	-4.985555134969755793e-08
6.480000000000535679e-03	-4.365926954627802783e-08
6.520000000000540988e-03	-4.144625504858195643e-08
6.560000000000546297e-03	-2.005100320539315444e-08
6.600000000000551606e-03	8.481023410862234700e-10
6.640000000000556915e-03	2.980308084434765225e-08
6.680000000000562224e-03	6.536293791591169202e-08
6.720000000000567533e-03	7.195308439622488294e-08
6.760000000000572842e-03	7.480712519743259977e-08
6.800000000000578151e-03	6.621065783835080291e-08
6.840000000000583461e-03	4.843169768552514439e-08
6.880000000000588770e-03	2.638519582728794451e-08
6.920000000000594079e-03	1.193726804598014694e-08
6.960000000000599388e-03	2.177893552690629633e-08
7.000000000000604697e-03	2.999308332899533180e-08
