0.000000000000000000e+00	-1.100485047277355280e-30
3.999999999999998294e-05	-2.996135672363379315e-08
7.999999999999987102e-05	-2.060389299336956099e-06
1.199999999999997591e-04	-6.386772934748677027e-06
1.599999999999996607e-04	-1.383918559259693189e-05
1.999999999999995488e-04	-2.303049120000357896e-05
2.399999999999994369e-04	-3.145856867967668214e-05
2.800000000000003007e-04	-3.626607207942196130e-05
3.200000000000012730e-04	-3.513142703446917329e-05
3.600000000000022453e-04	-2.834484472025545633e-05
4.000000000000032176e-04	-1.774775219965552353e-05
4.400000000000041898e-04	-6.808932856074759877e-06
4.800000000000051621e-04	1.777417547812866959e-06
5.200000000000061344e-04	6.752409718062393957e-06
5.600000000000071067e-04	8.322312446613872272e-06
6.000000000000080790e-04	7.972115910707888926e-06
6.400000000000090512e-04	6.910069966329163592e-06
6.800000000000100235e-04	6.742552479217760869e-06
7.200000000000109958e-04	6.541175423812862413e-06
7.600000000000119681e-04	6.969131387731246447e-06
8.000000000000129403e-04	7.318091938846667507e-06
8.400000000000139126e-04	7.779376680786513829e-06
8.800000000000148849e-04	8.089366656195181974e-06
9.200000000000158572e-04	8.124247511087968762e-06
9.600000000000168295e-04	8.037513751707652120e-06
1.000000000000015200e-03	7.727997387877568808e-06
1.040000000000011835e-03	7.549775373695278142e-06
1.080000000000008471e-03	7.416344601428555416e-06
1.120000000000005106e-03	7.392803441984972964e-06
1.160000000000001742e-03	7.421189197902870075e-06
1.199999999999998377e-03	7.392146807992581993e-06
1.239999999999995012e-03	7.369650504503026564e-06
1.279999999999991648e-03	7.222550351823702372e-06
1.319999999999988283e-03	7.127031349487764575e-06
1.359999999999984919e-03	6.901778780728399452e-06
1.399999999999981554e-03	6.624978330374902763e-06
1.439999999999978190e-03	6.246877356262198078e-06
1.479999999999974825e-03	5.745366179053370175e-06
1.519999999999971461e-03	5.269497083328599460e-06
1.559999999999968096e-03	4.862360564512415029e-06
1.599999999999964732e-03	4.552091072124913449e-06
1.639999999999961367e-03	4.368599498546485820e-06
1.679999999999958003e-03	4.169315956812554374e-06
1.719999999999954638e-03	3.979829437702641304e-06
1.759999999999951274e-03	3.674360299254490633e-06
1.799999999999947909e-03	3.270714813224797176e-06
1.839999999999944544e-03	2.720984352007837451e-06
1.879999999999941180e-03	2.102941240620947473e-06
1.919999999999937815e-03	1.463841676676565293e-06
1.959999999999935752e-03	8.364840294237000023e-07
1.999999999999941061e-03	3.718966263239659401e-07
2.039999999999946370e-03	9.929780721060151558e-08
2.079999999999951679e-03	6.794630098458545462e-08
2.119999999999956988e-03	2.097581867341918576e-07
2.159999999999962297e-03	4.039753604857958928e-07
2.199999999999967606e-03	6.379728364669159060e-07
2.239999999999972916e-03	7.695130414827463970e-07
2.279999999999978225e-03	8.410418733997342607e-07
2.319999999999983534e-03	8.107073856267947741e-07
2.359999999999988843e-03	7.242476913626067367e-07
2.399999999999994152e-03	5.529327777342463054e-07
2.439999999999999461e-03	2.753550156617234940e-07
2.480000000000004770e-03	-1.200209146736616800e-07
2.520000000000010079e-03	-5.664528917934936871e-07
2.560000000000015388e-03	-1.049829467594375245e-06
2.600000000000020697e-03	-1.453099333919274612e-06
2.640000000000026006e-03	-1.773919869737953996e-06
2.680000000000031316e-03	-1.969692848415875666e-06
2.720000000000036625e-03	-2.075157215052652803e-06
2.760000000000041934e-03	-2.104488114840433933e-06
2.800000000000047243e-03	-2.147440597581706824e-06
2.840000000000052552e-03	-2.168815648065301479e-06
2.880000000000057861e-03	-2.208500008376470714e-06
2.920000000000063170e-03	-2.236605316042581740e-06
2.960000000000068479e-03	-2.233913677549197390e-06
3.000000000000073788e-03	-2.223984332213468957e-06
3.040000000000079097e-03	-2.177021526333200340e-06
3.080000000000084406e-03	-2.120855707852329277e-06
3.120000000000089715e-03	-2.070873139385911194e-06
3.160000000000095025e-03	-1.992916030295843124e-06
3.200000000000100334e-03	-1.918496043451643129e-06
3.240000000000105643e-03	-1.863184118091870458e-06
3.280000000000110952e-03	-1.779664477752293666e-06
3.320000000000116261e-03	-1.719870167129183885e-06
3.360000000000121570e-03	-1.650711235353755604e-06
3.400000000000126879e-03	-1.553337475168123451e-06
3.440000000000132188e-03	-1.441173955513735151e-06
3.480000000000137497e-03	-1.294698229855899160e-06
3.520000000000142806e-03	-1.120321398684302888e-06
3.560000000000148115e-03	-9.589806444267128933e-07
3.600000000000153424e-03	-7.986982437816180263e-07
3.640000000000158734e-03	-6.660237746257470816e-07
3.680000000000164043e-03	-5.787640634850549497e-07
3.720000000000169352e-03	-5.245678169531580859e-07
3.760000000000174661e-03	-4.725348729717899962e-07
3.800000000000179970e-03	-4.396446060975777891e-07
3.840000000000185279e-03	-3.513807623641407067e-07
3.880000000000190588e-03	-2.536916253562193444e-07
3.920000000000195897e-03	-1.065464424515213501e-07
3.960000000000201206e-03	7.894622646947354011e-08
4.000000000000206515e-03	2.588251442893578462e-07
4.040000000000211824e-03	4.324529407553951083e-07
4.080000000000217134e-03	5.759118369098108103e-07
4.120000000000222443e-03	7.100324031714548153e-07
4.160000000000227752e-03	8.101402887599239858e-07
4.200000000000233061e-03	8.592915827689996483e-07
4.240000000000238370e-03	9.243459980327108012e-07
4.280000000000243679e-03	9.308079322309236517e-07
4.320000000000248988e-03	9.754227633700558826e-07
4.360000000000254297e-03	9.893040135076639526e-07
4.400000000000259606e-03	1.043794533083805688e-06
4.440000000000264915e-03	1.104081046035068229e-06
4.480000000000270224e-03	1.148888823684159872e-06
4.520000000000275533e-03	1.182560174604282481e-06
4.560000000000280843e-03	1.192075584223998432e-06
4.600000000000286152e-03	1.146456833760051514e-06
4.640000000000291461e-03	1.071698820470482759e-06
4.680000000000296770e-03	9.843999848016999509e-07
4.720000000000302079e-03	8.924444721190070560e-07
4.760000000000307388e-03	7.951004785638741272e-07
4.800000000000312697e-03	7.531198416781392517e-07
4.840000000000318006e-03	7.197620821867838571e-07
4.880000000000323315e-03	7.160029545654396243e-07
4.920000000000328624e-03	7.107708639836145864e-07
4.960000000000333933e-03	6.877181770112247462e-07
5.000000000000339243e-03	6.681489967188146799e-07
5.040000000000344552e-03	6.041236169361677864e-07
5.080000000000349861e-03	5.366469296471694435e-07
5.120000000000355170e-03	4.507391816108985499e-07
5.160000000000360479e-03	3.491646712789561543e-07
5.200000000000365788e-03	2.498203206161044415e-07
5.240000000000371097e-03	1.360904506242533171e-07
5.280000000000376406e-03	5.701569941039086347e-08
5.320000000000381715e-03	1.284918556118564723e-09
5.360000000000387024e-03	-1.544321733548238171e-08
5.400000000000392333e-03	-1.450180155273197096e-08
5.440000000000397642e-03	-2.503857068059019754e-08
5.480000000000402952e-03	-3.666196910203634272e-08
5.520000000000408261e-03	-7.976471026186850093e-08
5.560000000000413570e-03	-1.182608937030199274e-07
5.600000000000418879e-03	-1.677386496271383912e-07
5.640000000000424188e-03	-1.932016785137458991e-07
5.680000000000429497e-03	-1.962851185820909592e-07
5.720000000000434806e-03	-1.930845029623907663e-07
5.760000000000440115e-03	-1.916841347138602774e-07
5.800000000000445424e-03	-2.028595359669134528e-07
5.840000000000450733e-03	-2.033018623051290661e-07
5.880000000000456042e-03	-2.008646535685485825e-07
5.920000000000461352e-03	-2.042363516984273224e-07
5.960000000000466661e-03	-2.003550622185215663e-07
6.000000000000471970e-03	-2.075556828648584582e-07
6.040000000000477279e-03	-2.063855752764488953e-07
6.080000000000482588e-03	-2.291133533426353935e-07
6.120000000000487897e-03	-2.532722287670796276e-07
6.160000000000493206e-03	-2.746015797458781494e-07
6.200000000000498515e-03	-2.832758720228818412e-07
6.240000000000503824e-03	-3.030562151778236582e-07
6.280000000000509133e-03	-3.009871395968953251e-07
6.320000000000514442e-03	-2.991332399121632190e-07
6.360000000000519751e-03	-2.901804028642252784e-07
6.400000000000525061e-03	-2.853087962922414862e-07
6.440000000000530370e-03	-2.781738912594847731e-07
6.480000000000535679e-03	-2.960225789072447154e-07
6.520000000000540988e-03	-3.056799868467185628e-07
6.560000000000546297e-03	-3.099095983592442204e-07
6.600000000000551606e-03	-3.109372031094279966e-07
6.640000000000556915e-03	-2.948425748267159406e-07
6.680000000000562224e-03	-2.638399336995222461e-07
6.720000000000567533e-03	-2.292502903147848506e-07
6.760000000000572842e-03	-1.828891577985576002e-07
6.800000000000578151e-03	-1.475414005482079614e-07
6.840000000000583461e-03	-1.168974645255455694e-07
6.880000000000588770e-03	-1.131294530238461833e-07
6.920000000000594079e-03	-1.358548406160613263e-07
6.960000000000599388e-03	-1.690065567958054567e-07
7.000000000000604697e-03	-2.028904490619630275e-07
