0.000000000000000000e+00	-3.552596991691072253e-30
3.999999999999998294e-05	-2.822975324960612663e-08
7.999999999999987102e-05	-2.048350938413690319e-06
1.199999999999997591e-04	-6.442473708985918043e-06
1.599999999999996607e-04	-1.418767536275514926e-05
1.999999999999995488e-04	-2.391711149861150282e-05
2.399999999999994369e-04	-3.323867158080536714e-05
2.800000000000003007e-04	-3.894925083841967910e-05
3.200000000000012730e-04	-3.864444555089591263e-05
3.600000000000022453e-04	-3.216316278025709810e-05
4.000000000000032176e-04	-2.135602726852257400e-05
4.400000000000041898e-04	-9.692849699604296753e-06
4.800000000000051621e-04	-5.157944465925468045e-08
5.200000000000061344e-04	5.819489735119472798e-06
5.600000000000071067e-04	8.162422456588466947e-06
6.000000000000080790e-04	8.098644361873545225e-06
6.400000000000090512e-04	7.034719979473689954e-06
6.800000000000100235e-04	6.573630869083514171e-06
7.200000000000109958e-04	5.940287493272825032e-06
7.600000000000119681e-04	5.880105882118924895e-06
8.000000000000129403e-04	5.833711334194641791e-06
8.400000000000139126e-04	6.176853250358298883e-06
8.800000000000148849e-04	6.630578131925941758e-06
9.200000000000158572e-04	7.133435907035001187e-06
9.600000000000168295e-04	7.640644785066479691e-06
1.000000000000015200e-03	7.938896190422810333e-06
1.040000000000011835e-03	8.198533267515305218e-06
1.080000000000008471e-03	8.297228554276914525e-06
1.120000000000005106e-03	8.482769718589597578e-06
1.160000000000001742e-03	8.622714509535543836e-06
1.199999999999998377e-03	8.740981549500728316e-06
1.239999999999995012e-03	8.887802857889046991e-06
1.279999999999991648e-03	8.855578983771151568e-06
1.319999999999988283e-03	8.880887680062330778e-06
1.359999999999984919e-03	8.754973118630953287e-06
1.399999999999981554e-03	8.595273450035867331e-06
1.439999999999978190e-03	8.368942369743236147e-06
1.479999999999974825e-03	8.047144605995007401e-06
1.519999999999971461e-03	7.748625306818654717e-06
1.559999999999968096e-03	7.424102167945994896e-06
1.599999999999964732e-03	7.232127894009408352e-06
1.639999999999961367e-03	7.106102529941008493e-06
1.679999999999958003e-03	6.950083431204546909e-06
1.719999999999954638e-03	6.721272858821804849e-06
1.759999999999951274e-03	6.370199518853919072e-06
1.799999999999947909e-03	5.884081906276460890e-06
1.839999999999944544e-03	5.245618583358724785e-06
1.879999999999941180e-03	4.559729581257586309e-06
1.919999999999937815e-03	3.763486030508512826e-06
1.959999999999935752e-03	3.011308194505337471e-06
1.999999999999941061e-03	2.237543557853913498e-06
2.039999999999946370e-03	1.570872079940206685e-06
2.079999999999951679e-03	1.102695099852766252e-06
2.119999999999956988e-03	7.772093070293179643e-07
2.159999999999962297e-03	6.463742303703291329e-07
2.199999999999967606e-03	5.267735569671408229e-07
2.239999999999972916e-03	3.960375231489986599e-07
2.279999999999978225e-03	2.227804233553998173e-07
2.319999999999983534e-03	-3.119975426311267556e-08
2.359999999999988843e-03	-2.636714020122384431e-07
2.399999999999994152e-03	-5.074494007757493560e-07
2.439999999999999461e-03	-7.169260734606670181e-07
2.480000000000004770e-03	-9.110201340480601439e-07
2.520000000000010079e-03	-1.183864107783812668e-06
2.560000000000015388e-03	-1.532877173186155251e-06
2.600000000000020697e-03	-1.989265428830343126e-06
2.640000000000026006e-03	-2.511954409813876210e-06
2.680000000000031316e-03	-3.069624669923363563e-06
2.720000000000036625e-03	-3.594669025095603600e-06
2.760000000000041934e-03	-4.057303722808221735e-06
2.800000000000047243e-03	-4.395330861674659318e-06
2.840000000000052552e-03	-4.604286424414067817e-06
2.880000000000057861e-03	-4.706285896748471161e-06
2.920000000000063170e-03	-4.671744424710456392e-06
2.960000000000068479e-03	-4.577379481067073998e-06
3.000000000000073788e-03	-4.376658010416377572e-06
3.040000000000079097e-03	-4.146382069361782049e-06
3.080000000000084406e-03	-3.816803212447086684e-06
3.120000000000089715e-03	-3.466293951735710303e-06
3.160000000000095025e-03	-3.085071749432294086e-06
3.200000000000100334e-03	-2.736515820861237028e-06
3.240000000000105643e-03	-2.431237811136727375e-06
3.280000000000110952e-03	-2.175763852180778158e-06
3.320000000000116261e-03	-1.998812576434485249e-06
3.360000000000121570e-03	-1.825758110021788690e-06
3.400000000000126879e-03	-1.679938911030286524e-06
3.440000000000132188e-03	-1.497639087112087532e-06
3.480000000000137497e-03	-1.310607813747049035e-06
3.520000000000142806e-03	-1.142975487196256497e-06
3.560000000000148115e-03	-9.678412644645580213e-07
3.600000000000153424e-03	-8.524585260345423193e-07
3.640000000000158734e-03	-7.138438406590739521e-07
3.680000000000164043e-03	-6.136910814344036945e-07
3.720000000000169352e-03	-4.922312281122606800e-07
3.760000000000174661e-03	-3.447385065430220051e-07
3.800000000000179970e-03	-1.698563478494748346e-07
3.840000000000185279e-03	6.289895243291816632e-08
3.880000000000190588e-03	3.175627003127631503e-07
3.920000000000195897e-03	6.453542262815009930e-07
3.960000000000201206e-03	9.370775801216578404e-07
4.000000000000206515e-03	1.215541252474424404e-06
4.040000000000211824e-03	1.415094606495353689e-06
4.080000000000217134e-03	1.561148138358621146e-06
4.120000000000222443e-03	1.651028365180141706e-06
4.160000000000227752e-03	1.681103443455994027e-06
4.200000000000233061e-03	1.692342288512657970e-06
4.240000000000238370e-03	1.659333191174524314e-06
4.280000000000243679e-03	1.592435137137218145e-06
4.320000000000248988e-03	1.521748918598357385e-06
4.360000000000254297e-03	1.445437520983916127e-06
4.400000000000259606e-03	1.452199431056296769e-06
4.440000000000264915e-03	1.484510186456327390e-06
4.480000000000270224e-03	1.566427054052008709e-06
4.520000000000275533e-03	1.624698684436383513e-06
4.560000000000280843e-03	1.643409785961991449e-06
4.600000000000286152e-03	1.610776747237386205e-06
4.640000000000291461e-03	1.522524154466573896e-06
4.680000000000296770e-03	1.422819240713865472e-06
4.720000000000302079e-03	1.321167802590022860e-06
4.760000000000307388e-03	1.234306010132960216e-06
4.800000000000312697e-03	1.115577320986905887e-06
4.840000000000318006e-03	1.009787148918187972e-06
4.880000000000323315e-03	8.854224997228363271e-07
4.920000000000328624e-03	7.995789074839440913e-07
4.960000000000333933e-03	7.287378769068369381e-07
5.000000000000339243e-03	6.594875370894440293e-07
5.040000000000344552e-03	6.070349440904530514e-07
5.080000000000349861e-03	4.985287387957541344e-07
5.120000000000355170e-03	3.605033323771444858e-07
5.160000000000360479e-03	2.072028444179538453e-07
5.200000000000365788e-03	6.873454945110001377e-08
5.240000000000371097e-03	-1.541698399072188883e-08
5.280000000000376406e-03	-6.143029811540425258e-08
5.320000000000381715e-03	-7.881866864875027600e-08
5.360000000000387024e-03	-1.148616783295211577e-07
5.400000000000392333e-03	-1.511757162612871438e-07
5.440000000000397642e-03	-2.311702134835973178e-07
5.480000000000402952e-03	-3.045662132341570246e-07
5.520000000000408261e-03	-3.721183342157928313e-07
5.560000000000413570e-03	-4.157584587006956476e-07
5.600000000000418879e-03	-4.434497315421105035e-07
5.640000000000424188e-03	-4.866581004851602308e-07
5.680000000000429497e-03	-5.087026381485006876e-07
5.720000000000434806e-03	-5.265325169922147768e-07
5.760000000000440115e-03	-5.382561904609345777e-07
5.800000000000445424e-03	-5.288853381454358707e-07
5.840000000000450733e-03	-5.141329356554855696e-07
5.880000000000456042e-03	-4.929329562613794221e-07
5.920000000000461352e-03	-5.055632373767898199e-07
5.960000000000466661e-03	-4.997915812100042649e-07
6.000000000000471970e-03	-5.212349294975085626e-07
6.040000000000477279e-03	-5.087004859038134383e-07
6.080000000000482588e-03	-5.087258462617983453e-07
6.120000000000487897e-03	-5.004199992480059795e-07
6.160000000000493206e-03	-5.168846700082246435e-07
6.200000000000498515e-03	-5.522746402430610853e-07
6.240000000000503824e-03	-5.704776297806279322e-07
6.280000000000509133e-03	-6.023399411844594007e-07
6.320000000000514442e-03	-5.862738533785749391e-07
6.360000000000519751e-03	-5.419325077336929753e-07
6.400000000000525061e-03	-4.785397404009045110e-07
6.440000000000530370e-03	-3.878318531663624567e-07
6.480000000000535679e-03	-3.276193821449360191e-07
6.520000000000540988e-03	-2.406524442950469857e-07
6.560000000000546297e-03	-1.876165282951761725e-07
6.600000000000551606e-03	-1.321686064678702395e-07
6.640000000000556915e-03	-9.857643977606190920e-08
6.680000000000562224e-03	-7.022709209427078366e-08
6.720000000000567533e-03	-5.914798856430169154e-08
6.760000000000572842e-03	-7.082629406595659889e-08
6.800000000000578151e-03	-8.513106914424447844e-08
6.840000000000583461e-03	-1.058516776514302163e-07
6.880000000000588770e-03	-9.818815878592649116e-08
6.920000000000594079e-03	-8.805005543517331322e-08
6.960000000000599388e-03	-6.532030237612001937e-08
7.000000000000604697e-03	-2.298617877455618136e-08
