0.000000000000000000e+00	-1.237244360341188324e-30
3.999999999999998294e-05	-2.522036285453903205e-08
7.999999999999987102e-05	-2.050002070905308766e-06
1.199999999999997591e-04	-6.327937480996690561e-06
1.599999999999996607e-04	-1.373026113243753625e-05
1.999999999999995488e-04	-2.280793881635462302e-05
2.399999999999994369e-04	-3.110858190614027881e-05
2.800000000000003007e-04	-3.589765204383581399e-05
3.200000000000012730e-04	-3.479440268280912770e-05
3.600000000000022453e-04	-2.815765153250423590e-05
4.000000000000032176e-04	-1.782357271385355714e-05
4.400000000000041898e-04	-7.196517341355826424e-06
4.800000000000051621e-04	1.087392419005703587e-06
5.200000000000061344e-04	5.868168834579892535e-06
5.600000000000071067e-04	7.386620077421529777e-06
6.000000000000080790e-04	7.160454898747463342e-06
6.400000000000090512e-04	6.354861323871652295e-06
6.800000000000100235e-04	6.506472960789011659e-06
7.200000000000109958e-04	6.555859532948429083e-06
7.600000000000119681e-04	7.110876897066234924e-06
8.000000000000129403e-04	7.512252364456120940e-06
8.400000000000139126e-04	7.904976767857519024e-06
8.800000000000148849e-04	8.299150636355073844e-06
9.200000000000158572e-04	8.539814126466497210e-06
9.600000000000168295e-04	8.865751994142566679e-06
1.000000000000015200e-03	9.021646446956508859e-06
1.040000000000011835e-03	9.293040997399194944e-06
1.080000000000008471e-03	9.283880873652424300e-06
1.120000000000005106e-03	8.994492489358748302e-06
1.160000000000001742e-03	8.425556916679478235e-06
1.199999999999998377e-03	7.513987107503874808e-06
1.239999999999995012e-03	6.587329388217872864e-06
1.279999999999991648e-03	5.707764000115091101e-06
1.319999999999988283e-03	5.149955741915978142e-06
1.359999999999984919e-03	4.846293009856771315e-06
1.399999999999981554e-03	4.686678081555830600e-06
1.439999999999978190e-03	4.741935534429696229e-06
1.479999999999974825e-03	4.772874495636752772e-06
1.519999999999971461e-03	4.855545403949838169e-06
1.559999999999968096e-03	4.936382503681061529e-06
1.599999999999964732e-03	4.926643693007639785e-06
1.639999999999961367e-03	4.631166572348130637e-06
1.679999999999958003e-03	4.115821297099169888e-06
1.719999999999954638e-03	3.341523575637768559e-06
1.759999999999951274e-03	2.542712079154234648e-06
1.799999999999947909e-03	1.939705736451165204e-06
1.839999999999944544e-03	1.625172820928824354e-06
1.879999999999941180e-03	1.657985516553631348e-06
1.919999999999937815e-03	1.906883819190885620e-06
1.959999999999935752e-03	2.296701363455319953e-06
1.999999999999941061e-03	2.764880038538813962e-06
2.039999999999946370e-03	3.061411546864929680e-06
2.079999999999951679e-03	3.272491894301995236e-06
2.119999999999956988e-03	3.198278267740274168e-06
2.159999999999962297e-03	2.812590664720477743e-06
2.199999999999967606e-03	2.133289763911945529e-06
2.239999999999972916e-03	1.177763069483070879e-06
2.279999999999978225e-03	2.589169225009982797e-07
2.319999999999983534e-03	-5.312985708906125810e-07
2.359999999999988843e-03	-1.142724937348449681e-06
2.399999999999994152e-03	-1.544116199987470972e-06
2.439999999999999461e-03	-1.856584650217588311e-06
2.480000000000004770e-03	-2.072073587253827862e-06
2.520000000000010079e-03	-2.232719574790618317e-06
2.560000000000015388e-03	-2.209520798975267420e-06
2.600000000000020697e-03	-2.029282825451854438e-06
2.640000000000026006e-03	-1.691872622369158615e-06
2.680000000000031316e-03	-1.356555404300779993e-06
2.720000000000036625e-03	-1.115889086504252890e-06
2.760000000000041934e-03	-9.798053230433666691e-07
2.800000000000047243e-03	-1.021119955102573701e-06
2.840000000000052552e-03	-1.128945313930787617e-06
2.880000000000057861e-03	-1.258593295128914640e-06
2.920000000000063170e-03	-1.407783788008812055e-06
2.960000000000068479e-03	-1.526813480593743543e-06
3.000000000000073788e-03	-1.701227337786547458e-06
3.040000000000079097e-03	-1.885366791726044568e-06
3.080000000000084406e-03	-2.038976054828367349e-06
3.120000000000089715e-03	-2.132031950156880819e-06
3.160000000000095025e-03	-2.209485054058040364e-06
3.200000000000100334e-03	-2.204849146899079971e-06
3.240000000000105643e-03	-2.288893064773942105e-06
3.280000000000110952e-03	-2.335849812882693459e-06
3.320000000000116261e-03	-2.373878768515136960e-06
3.360000000000121570e-03	-2.402799782191950318e-06
3.400000000000126879e-03	-2.270916306058358667e-06
3.440000000000132188e-03	-2.127392581980564130e-06
3.480000000000137497e-03	-1.876720469514460700e-06
3.520000000000142806e-03	-1.616631685759146677e-06
3.560000000000148115e-03	-1.386400768565052933e-06
3.600000000000153424e-03	-1.126784995130999624e-06
3.640000000000158734e-03	-9.049879950970967487e-07
3.680000000000164043e-03	-6.664118149474334158e-07
3.720000000000169352e-03	-4.783815888116628262e-07
3.760000000000174661e-03	-2.812313255907057689e-07
3.800000000000179970e-03	-1.551888028319477113e-07
3.840000000000185279e-03	-4.881146643714835961e-08
3.880000000000190588e-03	3.551934667030150116e-08
3.920000000000195897e-03	9.410976806682083355e-08
3.960000000000201206e-03	1.367948682301318101e-07
4.000000000000206515e-03	1.861661482078522321e-07
4.040000000000211824e-03	2.554938109237607091e-07
4.080000000000217134e-03	3.846132862164305859e-07
4.120000000000222443e-03	6.008852902987502577e-07
4.160000000000227752e-03	8.588845532835725728e-07
4.200000000000233061e-03	1.109407746006893004e-06
4.240000000000238370e-03	1.367103108706962977e-06
4.280000000000243679e-03	1.536313693965357971e-06
4.320000000000248988e-03	1.672021346737342152e-06
4.360000000000254297e-03	1.694558795709575353e-06
4.400000000000259606e-03	1.684472472040159965e-06
4.440000000000264915e-03	1.609802253246233373e-06
4.480000000000270224e-03	1.442498990945180238e-06
4.520000000000275533e-03	1.246754767746949226e-06
4.560000000000280843e-03	1.023728325043667706e-06
4.600000000000286152e-03	8.154056660384390652e-07
4.640000000000291461e-03	6.667899446966803234e-07
4.680000000000296770e-03	5.401419689248070989e-07
4.720000000000302079e-03	4.469858826661876529e-07
4.760000000000307388e-03	3.405716777094037321e-07
4.800000000000312697e-03	2.599693648310367171e-07
4.840000000000318006e-03	1.675855328192342249e-07
4.880000000000323315e-03	9.871674271806265219e-08
4.920000000000328624e-03	8.968185860495570511e-08
4.960000000000333933e-03	1.082707950238410142e-07
5.000000000000339243e-03	1.516527866988135695e-07
5.040000000000344552e-03	2.257523513063338311e-07
5.080000000000349861e-03	3.171257157196062127e-07
5.120000000000355170e-03	4.053765918239030346e-07
5.160000000000360479e-03	4.846555684228827509e-07
5.200000000000365788e-03	5.613492626941757970e-07
5.240000000000371097e-03	5.956132957484963464e-07
5.280000000000376406e-03	5.981142367850106676e-07
5.320000000000381715e-03	5.583409081227035953e-07
5.360000000000387024e-03	4.942315047577367244e-07
5.400000000000392333e-03	3.983728238071942445e-07
5.440000000000397642e-03	2.713677674234392616e-07
5.480000000000402952e-03	1.515146865454931253e-07
5.520000000000408261e-03	3.364106101289023957e-08
5.560000000000413570e-03	-4.159129302168082316e-08
5.600000000000418879e-03	-8.757281706727212161e-08
5.640000000000424188e-03	-7.354764510234298138e-08
5.680000000000429497e-03	-3.312851560826625690e-08
5.720000000000434806e-03	2.533581534181555992e-08
5.760000000000440115e-03	7.364555827023848458e-08
5.800000000000445424e-03	7.822030452480880201e-08
5.840000000000450733e-03	8.152390233418387699e-08
5.880000000000456042e-03	3.869385863268279292e-08
5.920000000000461352e-03	-7.323504380269188830e-09
5.960000000000466661e-03	-7.506268448076612729e-08
6.000000000000471970e-03	-1.749814924080061175e-07
6.040000000000477279e-03	-2.521841434859315450e-07
6.080000000000482588e-03	-3.370218885090513455e-07
6.120000000000487897e-03	-4.058260022037341128e-07
6.160000000000493206e-03	-4.545643451542139425e-07
6.200000000000498515e-03	-4.702474927226596851e-07
6.240000000000503824e-03	-4.679681599086016742e-07
6.280000000000509133e-03	-4.542997306285138108e-07
6.320000000000514442e-03	-4.407162623680428943e-07
6.360000000000519751e-03	-3.977033526677422286e-07
6.400000000000525061e-03	-3.764954701250800269e-07
6.440000000000530370e-03	-3.554603245557939482e-07
6.480000000000535679e-03	-3.544378050143090545e-07
6.520000000000540988e-03	-3.479156244832822343e-07
6.560000000000546297e-03	-3.720941732304407549e-07
6.600000000000551606e-03	-3.878338229507724539e-07
6.640000000000556915e-03	-3.989275383298580840e-07
6.680000000000562224e-03	-3.883868757877795966e-07
6.720000000000567533e-03	-3.575957462474817982e-07
6.760000000000572842e-03	-3.217427788873920422e-07
6.800000000000578151e-03	-2.927383135150367237e-07
6.840000000000583461e-03	-2.619513301376890108e-07
6.880000000000588770e-03	-2.444537634707368535e-07
6.920000000000594079e-03	-2.404263883996080320e-07
6.960000000000599388e-03	-2.509377224565787016e-07
7.000000000000604697e-03	-2.512376427412211559e-07
