0.000000000000000000e+00	-7.047186838247429317e-30
3.999999999999998294e-05	-3.086625430152202547e-08
7.999999999999987102e-05	-2.051711702804114714e-06
1.199999999999997591e-04	-6.415351446924106878e-06
1.599999999999996607e-04	-1.384943546087148277e-05
1.999999999999995488e-04	-2.328490872998500131e-05
2.399999999999994369e-04	-3.224846765325208118e-05
2.800000000000003007e-04	-3.778549406632296056e-05
3.200000000000012730e-04	-3.758804666551532396e-05
3.600000000000022453e-04	-3.132492458780644320e-05
4.000000000000032176e-04	-2.079772924025477155e-05
4.400000000000041898e-04	-9.039913410718959649e-06
4.800000000000051621e-04	1.039319447981801684e-06
5.200000000000061344e-04	7.833169947320619926e-06
5.600000000000071067e-04	1.129292117685954327e-05
6.000000000000080790e-04	1.240667532886515566e-05
6.400000000000090512e-04	1.249556087876249823e-05
6.800000000000100235e-04	1.301460726220661607e-05
7.200000000000109958e-04	1.329506404350936590e-05
7.600000000000119681e-04	1.378795717750699913e-05
8.000000000000129403e-04	1.397567030758261875e-05
8.400000000000139126e-04	1.394342096588612935e-05
8.800000000000148849e-04	1.357414454686037943e-05
9.200000000000158572e-04	1.282655396363010539e-05
9.600000000000168295e-04	1.185391852530913514e-05
1.000000000000015200e-03	1.080708913316988316e-05
1.040000000000011835e-03	9.719232601617958859e-06
1.080000000000008471e-03	8.675206877831554087e-06
1.120000000000005106e-03	7.657203843421320753e-06
1.160000000000001742e-03	6.722544053737160110e-06
1.199999999999998377e-03	5.957677370078027415e-06
1.239999999999995012e-03	5.294464014418807810e-06
1.279999999999991648e-03	4.676208953383166348e-06
1.319999999999988283e-03	4.036624170302342306e-06
1.359999999999984919e-03	3.313644747039088591e-06
1.399999999999981554e-03	2.531946050626792340e-06
1.439999999999978190e-03	1.760732948473058178e-06
1.479999999999974825e-03	1.086133726213127904e-06
1.519999999999971461e-03	6.474935600680224429e-07
1.559999999999968096e-03	3.653892073037481327e-07
1.599999999999964732e-03	2.358800207792177011e-07
1.639999999999961367e-03	1.266124474109329548e-07
1.679999999999958003e-03	-8.166349604906255445e-09
1.719999999999954638e-03	-1.424516379767835096e-07
1.759999999999951274e-03	-2.417839604350008145e-07
1.799999999999947909e-03	-2.585534342459647213e-07
1.839999999999944544e-03	-2.070356567169917356e-07
1.879999999999941180e-03	-1.200793343651501795e-07
1.919999999999937815e-03	-1.090145898227402856e-07
1.959999999999935752e-03	-2.193577827547357387e-07
1.999999999999941061e-03	-4.162247446686926559e-07
2.039999999999946370e-03	-6.240138177904686327e-07
2.079999999999951679e-03	-7.773356829557940997e-07
2.119999999999956988e-03	-8.809169834068069395e-07
2.159999999999962297e-03	-9.602015076061119974e-07
2.199999999999967606e-03	-1.028912757132121908e-06
2.239999999999972916e-03	-1.119037514283523026e-06
2.279999999999978225e-03	-1.208973908283496839e-06
2.319999999999983534e-03	-1.235267291973750866e-06
2.359999999999988843e-03	-1.134758236048503897e-06
2.399999999999994152e-03	-9.431990362323379866e-07
2.439999999999999461e-03	-7.251261915273529544e-07
2.480000000000004770e-03	-5.239217485619828391e-07
2.520000000000010079e-03	-4.277372186983540586e-07
2.560000000000015388e-03	-3.754656070703671155e-07
2.600000000000020697e-03	-4.019033813588944785e-07
2.640000000000026006e-03	-4.532523145484272993e-07
2.680000000000031316e-03	-4.963383067391012088e-07
2.720000000000036625e-03	-5.293356666983993664e-07
2.760000000000041934e-03	-5.020406896975767619e-07
2.800000000000047243e-03	-4.614076319102009418e-07
2.840000000000052552e-03	-3.968059952478651286e-07
2.880000000000057861e-03	-3.131861629398458560e-07
2.920000000000063170e-03	-2.890038547772053094e-07
2.960000000000068479e-03	-2.742085471725969805e-07
3.000000000000073788e-03	-3.202415645764255842e-07
3.040000000000079097e-03	-3.830905861581179492e-07
3.080000000000084406e-03	-4.489487398105887046e-07
3.120000000000089715e-03	-4.839857370752427597e-07
3.160000000000095025e-03	-5.133336425150378354e-07
3.200000000000100334e-03	-4.767724468123962141e-07
3.240000000000105643e-03	-4.123183205825098743e-07
3.280000000000110952e-03	-2.669943616161797566e-07
3.320000000000116261e-03	-9.787179869377946104e-08
3.360000000000121570e-03	7.312593768023879162e-08
3.400000000000126879e-03	2.229615945088678457e-07
3.440000000000132188e-03	3.232917467923914995e-07
3.480000000000137497e-03	3.597584294150542494e-07
3.520000000000142806e-03	3.795698659706048271e-07
3.560000000000148115e-03	3.767385848764238482e-07
3.600000000000153424e-03	4.123421534823095333e-07
3.640000000000158734e-03	4.253249165831011783e-07
3.680000000000164043e-03	4.503899401572611882e-07
3.720000000000169352e-03	3.965957935558883243e-07
3.760000000000174661e-03	3.083990781322048753e-07
3.800000000000179970e-03	1.531065272053392364e-07
3.840000000000185279e-03	8.820712836304751424e-09
3.880000000000190588e-03	-1.249805621007480297e-07
3.920000000000195897e-03	-1.669916282904655884e-07
3.960000000000201206e-03	-1.461693504130899638e-07
4.000000000000206515e-03	-6.413910821573195704e-08
4.040000000000211824e-03	4.817082023256252790e-08
4.080000000000217134e-03	1.504163185191260890e-07
4.120000000000222443e-03	2.724715294979711908e-07
4.160000000000227752e-03	3.539335176657255908e-07
4.200000000000233061e-03	3.910533077155298941e-07
4.240000000000238370e-03	3.960282055611808543e-07
4.280000000000243679e-03	3.516592821452191432e-07
4.320000000000248988e-03	2.786316167173079851e-07
4.360000000000254297e-03	1.516542117389681533e-07
4.400000000000259606e-03	4.653982469054975321e-08
4.440000000000264915e-03	-4.443303430142025679e-08
4.480000000000270224e-03	-9.488750306682149560e-08
4.520000000000275533e-03	-1.338895778937884420e-07
4.560000000000280843e-03	-1.320676891882310218e-07
4.600000000000286152e-03	-1.252630906027850779e-07
4.640000000000291461e-03	-1.219549246409177744e-07
4.680000000000296770e-03	-1.112585859368354934e-07
4.720000000000302079e-03	-1.135874179034575711e-07
4.760000000000307388e-03	-1.061979086731364276e-07
4.800000000000312697e-03	-8.760846407437559577e-08
4.840000000000318006e-03	-5.156645829390412771e-08
4.880000000000323315e-03	-1.446800782482295522e-10
4.920000000000328624e-03	5.285311609152359817e-08
4.960000000000333933e-03	1.086732228979588653e-07
5.000000000000339243e-03	1.687551890145373109e-07
5.040000000000344552e-03	2.086879245297723740e-07
5.080000000000349861e-03	2.319534749232206870e-07
5.120000000000355170e-03	2.723427329639927119e-07
5.160000000000360479e-03	2.873031543377652846e-07
5.200000000000365788e-03	3.167105926615183440e-07
5.240000000000371097e-03	3.225946546009906020e-07
5.280000000000376406e-03	3.304121083824870734e-07
5.320000000000381715e-03	3.212016798349027407e-07
5.360000000000387024e-03	2.934776002044963925e-07
5.400000000000392333e-03	2.668774852488229698e-07
5.440000000000397642e-03	2.238491366630916681e-07
5.480000000000402952e-03	1.726153145469906253e-07
5.520000000000408261e-03	1.171891953212347147e-07
5.560000000000413570e-03	4.441256486102881215e-08
5.600000000000418879e-03	-2.862888571254325043e-08
5.640000000000424188e-03	-9.681850543830814975e-08
5.680000000000429497e-03	-1.452047771906184590e-07
5.720000000000434806e-03	-1.809239463770634947e-07
5.760000000000440115e-03	-1.814029555825549782e-07
5.800000000000445424e-03	-1.927014119885307621e-07
5.840000000000450733e-03	-1.811190608654265337e-07
5.880000000000456042e-03	-1.823007263814426772e-07
5.920000000000461352e-03	-1.740105674308623667e-07
5.960000000000466661e-03	-1.719817146176812596e-07
6.000000000000471970e-03	-1.820001486736199674e-07
6.040000000000477279e-03	-1.963702631616499963e-07
6.080000000000482588e-03	-1.957887424845629034e-07
6.120000000000487897e-03	-2.070270864745630060e-07
6.160000000000493206e-03	-2.074148545416465815e-07
6.200000000000498515e-03	-1.962551498481876291e-07
6.240000000000503824e-03	-1.895080424974398435e-07
6.280000000000509133e-03	-1.727496901063194123e-07
6.320000000000514442e-03	-1.540423846787855097e-07
6.360000000000519751e-03	-1.273232405345986028e-07
6.400000000000525061e-03	-8.427843527636906138e-08
6.440000000000530370e-03	-3.404211966993293249e-08
6.480000000000535679e-03	2.091862749503450984e-08
6.520000000000540988e-03	8.385707577430958543e-08
6.560000000000546297e-03	1.363760743716243833e-07
6.600000000000551606e-03	1.868395377622646283e-07
6.640000000000556915e-03	2.220880280940038146e-07
6.680000000000562224e-03	2.286793432940273765e-07
6.720000000000567533e-03	2.141150893161170771e-07
6.760000000000572842e-03	1.732528933555126505e-07
6.800000000000578151e-03	1.234368408101222399e-07
6.840000000000583461e-03	6.464422200154369536e-08
6.880000000000588770e-03	2.877335978716293230e-08
6.920000000000594079e-03	-1.446674727239953179e-09
6.960000000000599388e-03	-2.457565390144866293e-08
7.000000000000604697e-03	-3.613697433894851847e-08
