0.000000000000000000e+00	-1.586163971977312100e-30
3.999999999999998294e-05	-2.616930503084250337e-08
7.999999999999987102e-05	-2.046639710891663823e-06
1.199999999999997591e-04	-6.320389686089572614e-06
1.599999999999996607e-04	-1.366226391925776623e-05
1.999999999999995488e-04	-2.260672161542783641e-05
2.399999999999994369e-04	-3.069654528684176789e-05
2.800000000000003007e-04	-3.501944674179774804e-05
3.200000000000012730e-04	-3.340378487450099566e-05
3.600000000000022453e-04	-2.615998106597762051e-05
4.000000000000032176e-04	-1.532596827781507472e-05
4.400000000000041898e-04	-4.343061448616335787e-06
4.800000000000051621e-04	4.040380328918227017e-06
5.200000000000061344e-04	8.557058474564433658e-06
5.600000000000071067e-04	9.597644704177286302e-06
6.000000000000080790e-04	8.614097327907371736e-06
6.400000000000090512e-04	7.158733348547028292e-06
6.800000000000100235e-04	6.845447513970396958e-06
7.200000000000109958e-04	6.880214341536143092e-06
7.600000000000119681e-04	7.679686321811515337e-06
8.000000000000129403e-04	8.431929337079262501e-06
8.400000000000139126e-04	9.105271496959947342e-06
8.800000000000148849e-04	9.413793914196102661e-06
9.200000000000158572e-04	9.238866436204694378e-06
9.600000000000168295e-04	8.891888894394658162e-06
1.000000000000015200e-03	8.409451012205238919e-06
1.040000000000011835e-03	8.096641893780961774e-06
1.080000000000008471e-03	7.908709366356686917e-06
1.120000000000005106e-03	7.717359164337943804e-06
1.160000000000001742e-03	7.532871940865957970e-06
1.199999999999998377e-03	7.234143224650782190e-06
1.239999999999995012e-03	6.979634602314662578e-06
1.279999999999991648e-03	6.729179311380839464e-06
1.319999999999988283e-03	6.446426543306509097e-06
1.359999999999984919e-03	6.118414213716898553e-06
1.399999999999981554e-03	5.661900334959910778e-06
1.439999999999978190e-03	5.155628389782456627e-06
1.479999999999974825e-03	4.635868729664695038e-06
1.519999999999971461e-03	4.224177398717445061e-06
1.559999999999968096e-03	3.831158561655219561e-06
1.599999999999964732e-03	3.436844619408738326e-06
1.639999999999961367e-03	2.936188827904799499e-06
1.679999999999958003e-03	2.290589914019773751e-06
1.719999999999954638e-03	1.588357454635206887e-06
1.759999999999951274e-03	8.534397198226024366e-07
1.799999999999947909e-03	2.079163046398543377e-07
1.839999999999944544e-03	-3.035484409950895360e-07
1.879999999999941180e-03	-7.577009311715336522e-07
1.919999999999937815e-03	-1.171352298770468039e-06
1.959999999999935752e-03	-1.595030725841899020e-06
1.999999999999941061e-03	-1.904865110666842179e-06
2.039999999999946370e-03	-2.102020652329740934e-06
2.079999999999951679e-03	-2.154800263128365619e-06
2.119999999999956988e-03	-2.076491491049256756e-06
2.159999999999962297e-03	-1.996210311278247646e-06
2.199999999999967606e-03	-1.868048043191154634e-06
2.239999999999972916e-03	-1.725879466879161240e-06
2.279999999999978225e-03	-1.532168087525200963e-06
2.319999999999983534e-03	-1.202069198870835598e-06
2.359999999999988843e-03	-8.467938511842756384e-07
2.399999999999994152e-03	-4.543771380125089467e-07
2.439999999999999461e-03	-1.885869431373194444e-07
2.480000000000004770e-03	-5.840444960923849153e-08
2.520000000000010079e-03	-5.345381578842863089e-08
2.560000000000015388e-03	-1.650812872146796831e-07
2.600000000000020697e-03	-2.213411669185531699e-07
2.640000000000026006e-03	-2.822106877866916844e-07
2.680000000000031316e-03	-3.327890171160674277e-07
2.720000000000036625e-03	-4.309463378237088144e-07
2.760000000000041934e-03	-5.794767702264614922e-07
2.800000000000047243e-03	-7.602052343058320175e-07
2.840000000000052552e-03	-9.243282794927881745e-07
2.880000000000057861e-03	-9.739424904940011335e-07
2.920000000000063170e-03	-9.394122311795409803e-07
2.960000000000068479e-03	-7.794490941659370404e-07
3.000000000000073788e-03	-6.119102455138385814e-07
3.040000000000079097e-03	-4.446992266886088842e-07
3.080000000000084406e-03	-2.939849222323017008e-07
3.120000000000089715e-03	-2.142166052183102897e-07
3.160000000000095025e-03	-1.103263905097833945e-07
3.200000000000100334e-03	-7.943445539601604475e-08
3.240000000000105643e-03	-5.217554405511503466e-08
3.280000000000110952e-03	-9.894085916748143286e-08
3.320000000000116261e-03	-2.001387197297504652e-07
3.360000000000121570e-03	-3.579569089135371213e-07
3.400000000000126879e-03	-5.081650364503476942e-07
3.440000000000132188e-03	-5.852753626955090442e-07
3.480000000000137497e-03	-5.219983936003938238e-07
3.520000000000142806e-03	-3.398046409853568773e-07
3.560000000000148115e-03	-8.117496909194955968e-08
3.600000000000153424e-03	1.770455813221082579e-07
3.640000000000158734e-03	3.433509152985634417e-07
3.680000000000164043e-03	3.977688328086676942e-07
3.720000000000169352e-03	3.271976435585002709e-07
3.760000000000174661e-03	2.018220923989684084e-07
3.800000000000179970e-03	4.650097043394369173e-08
3.840000000000185279e-03	-1.141746240478025038e-07
3.880000000000190588e-03	-2.430185440699981947e-07
3.920000000000195897e-03	-3.549202676744662038e-07
3.960000000000201206e-03	-4.067347751630607244e-07
4.000000000000206515e-03	-4.109928028018400365e-07
4.040000000000211824e-03	-3.237589115565282831e-07
4.080000000000217134e-03	-1.701241427529026597e-07
4.120000000000222443e-03	2.284683970342548352e-08
4.160000000000227752e-03	2.056425997961567190e-07
4.200000000000233061e-03	3.173949841426872386e-07
4.240000000000238370e-03	3.837413556136321308e-07
4.280000000000243679e-03	3.982306332711125947e-07
4.320000000000248988e-03	3.930642944540144370e-07
4.360000000000254297e-03	3.949974403097044760e-07
4.400000000000259606e-03	3.907235843258688462e-07
4.440000000000264915e-03	4.285162816279133960e-07
4.480000000000270224e-03	4.283687877642434283e-07
4.520000000000275533e-03	4.357102401682360948e-07
4.560000000000280843e-03	4.417627425880247249e-07
4.600000000000286152e-03	4.510818175573756447e-07
4.640000000000291461e-03	4.808197575211250619e-07
4.680000000000296770e-03	4.598402811954826911e-07
4.720000000000302079e-03	4.555110572824081465e-07
4.760000000000307388e-03	4.073567544729075938e-07
4.800000000000312697e-03	3.727014345164697727e-07
4.840000000000318006e-03	3.337143451783963359e-07
4.880000000000323315e-03	2.970721830795138716e-07
4.920000000000328624e-03	2.893051636526994135e-07
4.960000000000333933e-03	2.626343672944841619e-07
5.000000000000339243e-03	2.591041141300185303e-07
5.040000000000344552e-03	2.086858459096168636e-07
5.080000000000349861e-03	1.679372476712273411e-07
5.120000000000355170e-03	1.042009855942278442e-07
5.160000000000360479e-03	5.024218520916887388e-08
5.200000000000365788e-03	-2.273624641903074090e-08
5.240000000000371097e-03	-8.743699077209989385e-08
5.280000000000376406e-03	-1.383205203495182633e-07
5.320000000000381715e-03	-1.808999373240421634e-07
5.360000000000387024e-03	-2.250880745136512752e-07
5.400000000000392333e-03	-2.479988906324281445e-07
5.440000000000397642e-03	-2.658230543378932430e-07
5.480000000000402952e-03	-2.880853233047202704e-07
5.520000000000408261e-03	-2.884742740998568010e-07
5.560000000000413570e-03	-3.039932026694617337e-07
5.600000000000418879e-03	-3.182725805554586294e-07
5.640000000000424188e-03	-3.201734105906289498e-07
5.680000000000429497e-03	-3.292033425222715781e-07
5.720000000000434806e-03	-3.014963461183704454e-07
5.760000000000440115e-03	-2.822665807699659531e-07
5.800000000000445424e-03	-2.109429499917740815e-07
5.840000000000450733e-03	-1.423797449069234767e-07
5.880000000000456042e-03	-7.156131112422061556e-08
5.920000000000461352e-03	-7.150506822248608037e-09
5.960000000000466661e-03	4.591786445462363714e-08
6.000000000000471970e-03	9.253550432126786048e-08
6.040000000000477279e-03	1.335773665808010255e-07
6.080000000000482588e-03	2.091776761436056595e-07
6.120000000000487897e-03	2.736019088237114841e-07
6.160000000000493206e-03	3.350921323899919911e-07
6.200000000000498515e-03	3.634089352102252637e-07
6.240000000000503824e-03	3.572303255498638695e-07
6.280000000000509133e-03	3.298184369383111920e-07
6.320000000000514442e-03	2.724067505265785772e-07
6.360000000000519751e-03	2.273279421964989752e-07
6.400000000000525061e-03	1.722762641549645239e-07
6.440000000000530370e-03	1.145493070737038349e-07
6.480000000000535679e-03	6.434056016277376454e-08
6.520000000000540988e-03	-2.639248982744362209e-10
6.560000000000546297e-03	-4.193221295059147592e-08
6.600000000000551606e-03	-8.081565183198939571e-08
6.640000000000556915e-03	-9.509215427988318255e-08
6.680000000000562224e-03	-8.400767993998462945e-08
6.720000000000567533e-03	-6.914484375397808072e-08
6.760000000000572842e-03	-4.561300426150751342e-08
6.800000000000578151e-03	-1.525758780993699118e-08
6.840000000000583461e-03	2.285770951262932111e-08
6.880000000000588770e-03	4.044946772205945668e-08
6.920000000000594079e-03	3.398648923327762940e-08
6.960000000000599388e-03	1.335024612663745023e-08
7.000000000000604697e-03	-3.441554185122531486e-08
