0.000000000000000000e+00	-1.369766687910813011e-30
3.999999999999998294e-05	-2.872977554889404324e-08
7.999999999999987102e-05	-2.052543044267924686e-06
1.199999999999997591e-04	-6.329462739757671570e-06
1.599999999999996607e-04	-1.365437587246767380e-05
1.999999999999995488e-04	-2.262846782380650932e-05
2.399999999999994369e-04	-3.076365808065555129e-05
2.800000000000003007e-04	-3.532937016842558860e-05
3.200000000000012730e-04	-3.401584968507142626e-05
3.600000000000022453e-04	-2.708548578883545043e-05
4.000000000000032176e-04	-1.643626185914935425e-05
4.400000000000041898e-04	-5.370631119185719384e-06
4.800000000000051621e-04	3.275365714919151818e-06
5.200000000000061344e-04	8.288476160412507006e-06
5.600000000000071067e-04	9.888008283328869545e-06
6.000000000000080790e-04	9.486342680674540560e-06
6.400000000000090512e-04	8.463519198990836188e-06
6.800000000000100235e-04	8.393781907572730341e-06
7.200000000000109958e-04	8.475975584691035930e-06
7.600000000000119681e-04	9.128314032934697886e-06
8.000000000000129403e-04	9.704669141186001864e-06
8.400000000000139126e-04	1.023939516622203550e-05
8.800000000000148849e-04	1.057326056667509071e-05
9.200000000000158572e-04	1.065665857890030143e-05
9.600000000000168295e-04	1.067009842714119958e-05
1.000000000000015200e-03	1.043746512305248494e-05
1.040000000000011835e-03	1.004265689719689729e-05
1.080000000000008471e-03	9.411908691865063651e-06
1.120000000000005106e-03	8.479047367932091180e-06
1.160000000000001742e-03	7.476701099543791543e-06
1.199999999999998377e-03	6.502299666548157204e-06
1.239999999999995012e-03	5.734985065267447764e-06
1.279999999999991648e-03	5.117748379717230641e-06
1.319999999999988283e-03	4.657745649136336088e-06
1.359999999999984919e-03	4.274151497680696228e-06
1.399999999999981554e-03	3.900031208263902913e-06
1.439999999999978190e-03	3.624102517753622873e-06
1.479999999999974825e-03	3.284073787945568632e-06
1.519999999999971461e-03	2.997518715457495956e-06
1.559999999999968096e-03	2.544046282562690849e-06
1.599999999999964732e-03	1.939583487232928506e-06
1.639999999999961367e-03	1.205938029289097170e-06
1.679999999999958003e-03	3.843308979543310303e-07
1.719999999999954638e-03	-2.793821118406946913e-07
1.759999999999951274e-03	-7.722509348326535007e-07
1.799999999999947909e-03	-1.053807159322380530e-06
1.839999999999944544e-03	-1.152544356955644959e-06
1.879999999999941180e-03	-1.147221756827335768e-06
1.919999999999937815e-03	-1.060544702547988815e-06
1.959999999999935752e-03	-8.999391695349596987e-07
1.999999999999941061e-03	-7.147062248355228675e-07
2.039999999999946370e-03	-5.133233511877656311e-07
2.079999999999951679e-03	-3.554846564341230262e-07
2.119999999999956988e-03	-3.614450893524882316e-07
2.159999999999962297e-03	-4.711816099095462829e-07
2.199999999999967606e-03	-7.113466410935439547e-07
2.239999999999972916e-03	-9.676518814598672168e-07
2.279999999999978225e-03	-1.169360413122494569e-06
2.319999999999983534e-03	-1.294776918878444312e-06
2.359999999999988843e-03	-1.315738153427471242e-06
2.399999999999994152e-03	-1.252336127295208911e-06
2.439999999999999461e-03	-1.112385247329945684e-06
2.480000000000004770e-03	-8.783949845754576076e-07
2.520000000000010079e-03	-6.125018607101861283e-07
2.560000000000015388e-03	-3.039696718434669509e-07
2.600000000000020697e-03	7.322096218204789035e-10
2.640000000000026006e-03	1.824129182949426697e-07
2.680000000000031316e-03	2.568285720726924327e-07
2.720000000000036625e-03	2.116500187503990397e-07
2.760000000000041934e-03	8.314216437074579522e-08
2.800000000000047243e-03	-7.597960584528537856e-08
2.840000000000052552e-03	-2.742085641312456348e-07
2.880000000000057861e-03	-3.751747532134792756e-07
2.920000000000063170e-03	-4.691709852722082103e-07
2.960000000000068479e-03	-4.744332607977889539e-07
3.000000000000073788e-03	-4.561336829965135213e-07
3.040000000000079097e-03	-3.878232036614966401e-07
3.080000000000084406e-03	-3.053098806515112339e-07
3.120000000000089715e-03	-2.233722518384089944e-07
3.160000000000095025e-03	-1.496224929311158162e-07
3.200000000000100334e-03	-1.421922182122569840e-07
3.240000000000105643e-03	-1.902923055597501448e-07
3.280000000000110952e-03	-2.812527209949212212e-07
3.320000000000116261e-03	-4.292134986087252568e-07
3.360000000000121570e-03	-5.640709222735855049e-07
3.400000000000126879e-03	-6.486522257682285482e-07
3.440000000000132188e-03	-6.529024091404690655e-07
3.480000000000137497e-03	-5.905688763926226138e-07
3.520000000000142806e-03	-5.029543956156751574e-07
3.560000000000148115e-03	-4.243101305630779771e-07
3.600000000000153424e-03	-3.699523690084154491e-07
3.640000000000158734e-03	-3.601572513195969106e-07
3.680000000000164043e-03	-3.315675245070279552e-07
3.720000000000169352e-03	-2.936632270968363040e-07
3.760000000000174661e-03	-2.278877644099005246e-07
3.800000000000179970e-03	-1.368436900821923100e-07
3.840000000000185279e-03	-4.444532831140345472e-08
3.880000000000190588e-03	3.513486785629301310e-08
3.920000000000195897e-03	1.042986495498219342e-07
3.960000000000201206e-03	1.626728129888986275e-07
4.000000000000206515e-03	2.353519306824399795e-07
4.040000000000211824e-03	3.160345606151568600e-07
4.080000000000217134e-03	3.908664216584210431e-07
4.120000000000222443e-03	4.717383004695665729e-07
4.160000000000227752e-03	5.280500444704926241e-07
4.200000000000233061e-03	5.806805555577433336e-07
4.240000000000238370e-03	6.265630403442664133e-07
4.280000000000243679e-03	6.462839927330158700e-07
4.320000000000248988e-03	6.467414765986101352e-07
4.360000000000254297e-03	6.028094168336310151e-07
4.400000000000259606e-03	5.488309408392713133e-07
4.440000000000264915e-03	4.633790558517045166e-07
4.480000000000270224e-03	3.676532059040155196e-07
4.520000000000275533e-03	2.748654248807284434e-07
4.560000000000280843e-03	1.801389552926151465e-07
4.600000000000286152e-03	1.111014406835315850e-07
4.640000000000291461e-03	5.357726335435772742e-08
4.680000000000296770e-03	1.584066329760914320e-08
4.720000000000302079e-03	1.641754721062024444e-08
4.760000000000307388e-03	1.345344213503342008e-08
4.800000000000312697e-03	2.882475622932313258e-08
4.840000000000318006e-03	2.064629618613177457e-08
4.880000000000323315e-03	1.354661155644439199e-08
4.920000000000328624e-03	1.100431955085728561e-08
4.960000000000333933e-03	2.138412433771808236e-08
5.000000000000339243e-03	6.251533880035101220e-08
5.040000000000344552e-03	1.106933447405173112e-07
5.080000000000349861e-03	1.506765273178137743e-07
5.120000000000355170e-03	1.585791602021133421e-07
5.160000000000360479e-03	1.382387430807201938e-07
5.200000000000365788e-03	1.083880563701945143e-07
5.240000000000371097e-03	7.120606030118687863e-08
5.280000000000376406e-03	2.543794207700723667e-08
5.320000000000381715e-03	1.425901447395693160e-08
5.360000000000387024e-03	6.665014402309754705e-09
5.400000000000392333e-03	-3.575246212221355388e-09
5.440000000000397642e-03	-2.379388577742139497e-08
5.480000000000402952e-03	-4.623128432697188666e-08
5.520000000000408261e-03	-6.975055454927067467e-08
5.560000000000413570e-03	-8.602903523146742644e-08
5.600000000000418879e-03	-9.661744367596963063e-08
5.640000000000424188e-03	-1.027461320590562502e-07
5.680000000000429497e-03	-1.159285266098498583e-07
5.720000000000434806e-03	-1.148318672169323767e-07
5.760000000000440115e-03	-9.324868515835888322e-08
5.800000000000445424e-03	-7.654203345425196279e-08
5.840000000000450733e-03	-4.068994645067613350e-08
5.880000000000456042e-03	-3.630667174447111408e-09
5.920000000000461352e-03	3.201925658676590706e-08
5.960000000000466661e-03	3.723242689324231579e-08
6.000000000000471970e-03	2.632345618204690511e-08
6.040000000000477279e-03	1.058446211313977304e-08
6.080000000000482588e-03	-1.487993412388838423e-08
6.120000000000487897e-03	-3.400507702395302021e-08
6.160000000000493206e-03	-4.509976236511786359e-08
6.200000000000498515e-03	-4.147495135280455523e-08
6.240000000000503824e-03	-3.170472282643551711e-08
6.280000000000509133e-03	-1.525277048075234322e-08
6.320000000000514442e-03	-4.784038121334945695e-10
6.360000000000519751e-03	1.403999992908248279e-08
6.400000000000525061e-03	3.547860316515008885e-08
6.440000000000530370e-03	4.893410467673574240e-08
6.480000000000535679e-03	5.941667918824104418e-08
6.520000000000540988e-03	4.586525378628923543e-08
6.560000000000546297e-03	9.833924860444090556e-09
6.600000000000551606e-03	-3.072432684066962784e-08
6.640000000000556915e-03	-6.973632248806135032e-08
6.680000000000562224e-03	-9.042314991699334200e-08
6.720000000000567533e-03	-7.835562752973062057e-08
6.760000000000572842e-03	-5.772667166316072487e-08
6.800000000000578151e-03	-4.397264502838863555e-08
6.840000000000583461e-03	-2.684023880910514508e-08
6.880000000000588770e-03	-2.722118811531678241e-08
6.920000000000594079e-03	-2.617261685009174091e-08
6.960000000000599388e-03	-3.502335277060398161e-08
7.000000000000604697e-03	-4.005340403858152800e-08
