0.000000000000000000e+00	-4.788851330305498111e-31
3.999999999999998294e-05	-2.849831388884171797e-08
7.999999999999987102e-05	-2.039514114644690618e-06
1.199999999999997591e-04	-6.320122952178076069e-06
1.599999999999996607e-04	-1.364847691617819919e-05
1.999999999999995488e-04	-2.269924222987839186e-05
2.399999999999994369e-04	-3.098389135642128149e-05
2.800000000000003007e-04	-3.559135691740880072e-05
3.200000000000012730e-04	-3.431586022587500832e-05
3.600000000000022453e-04	-2.750790680160618854e-05
4.000000000000032176e-04	-1.698138136856657094e-05
4.400000000000041898e-04	-6.310164027250655057e-06
4.800000000000051621e-04	1.977908799449794392e-06
5.200000000000061344e-04	6.549750283058320465e-06
5.600000000000071067e-04	7.915171574634470507e-06
6.000000000000080790e-04	7.785390432960751409e-06
6.400000000000090512e-04	7.467569895960151697e-06
6.800000000000100235e-04	8.492724583134255508e-06
7.200000000000109958e-04	9.651419720317207061e-06
7.600000000000119681e-04	1.126745894889193910e-05
8.000000000000129403e-04	1.240978650010025896e-05
8.400000000000139126e-04	1.319382534557259060e-05
8.800000000000148849e-04	1.329306889767567562e-05
9.200000000000158572e-04	1.294437655178006765e-05
9.600000000000168295e-04	1.236750807381710020e-05
1.000000000000015200e-03	1.145009971700734504e-05
1.040000000000011835e-03	1.066023879174663309e-05
1.080000000000008471e-03	9.757215748119483630e-06
1.120000000000005106e-03	9.056884990602501764e-06
1.160000000000001742e-03	8.443702224757484371e-06
1.199999999999998377e-03	7.852543882560962323e-06
1.239999999999995012e-03	7.277727868291305307e-06
1.279999999999991648e-03	6.478728349858342252e-06
1.319999999999988283e-03	5.628537782602595784e-06
1.359999999999984919e-03	4.515564539224125577e-06
1.399999999999981554e-03	3.488906404635487849e-06
1.439999999999978190e-03	2.468653143561552919e-06
1.479999999999974825e-03	1.550668638037213318e-06
1.519999999999971461e-03	7.694509106872435866e-07
1.559999999999968096e-03	9.363118478328763543e-08
1.599999999999964732e-03	-3.687704643786388434e-07
1.639999999999961367e-03	-7.055425875464155189e-07
1.679999999999958003e-03	-8.524364370698840507e-07
1.719999999999954638e-03	-9.303072318782579544e-07
1.759999999999951274e-03	-1.025494515215525918e-06
1.799999999999947909e-03	-1.169021427604048057e-06
1.839999999999944544e-03	-1.380430927630396867e-06
1.879999999999941180e-03	-1.564525560038684400e-06
1.919999999999937815e-03	-1.614356816756744531e-06
1.959999999999935752e-03	-1.436846713035181401e-06
1.999999999999941061e-03	-1.179524152216050407e-06
2.039999999999946370e-03	-9.195654575229682060e-07
2.079999999999951679e-03	-7.408745650556396145e-07
2.119999999999956988e-03	-6.620079687134283998e-07
2.159999999999962297e-03	-6.547841160597909367e-07
2.199999999999967606e-03	-6.251227587703837986e-07
2.239999999999972916e-03	-5.312067449406298740e-07
2.279999999999978225e-03	-3.926093606139811236e-07
2.319999999999983534e-03	-2.926113040621673377e-07
2.359999999999988843e-03	-3.204061361146201353e-07
2.399999999999994152e-03	-4.655466691407540821e-07
2.439999999999999461e-03	-6.517486650928637929e-07
2.480000000000004770e-03	-7.639351721422301790e-07
2.520000000000010079e-03	-7.658362872809222472e-07
2.560000000000015388e-03	-6.056630570183876130e-07
2.600000000000020697e-03	-3.806594230386077551e-07
2.640000000000026006e-03	-1.859334820573437098e-07
2.680000000000031316e-03	-6.955038950825410529e-08
2.720000000000036625e-03	-7.691405939636406355e-08
2.760000000000041934e-03	-1.239612836107663431e-07
2.800000000000047243e-03	-2.284471194317337146e-07
2.840000000000052552e-03	-3.483468238396622607e-07
2.880000000000057861e-03	-5.145517438242711419e-07
2.920000000000063170e-03	-7.128490962813054490e-07
2.960000000000068479e-03	-8.874915555657795126e-07
3.000000000000073788e-03	-1.026166267994396293e-06
3.040000000000079097e-03	-1.065702672778870060e-06
3.080000000000084406e-03	-9.849996916741250775e-07
3.120000000000089715e-03	-8.402325371416353356e-07
3.160000000000095025e-03	-6.935113701718781927e-07
3.200000000000100334e-03	-5.674421591986104865e-07
3.240000000000105643e-03	-4.707450539815830767e-07
3.280000000000110952e-03	-4.115931331572630796e-07
3.320000000000116261e-03	-3.396905736356615468e-07
3.360000000000121570e-03	-2.942022029402345975e-07
3.400000000000126879e-03	-2.334973604734459940e-07
3.440000000000132188e-03	-2.136212860677580394e-07
3.480000000000137497e-03	-1.925816235767411661e-07
3.520000000000142806e-03	-1.506795510471695798e-07
3.560000000000148115e-03	-7.995530745304196979e-08
3.600000000000153424e-03	6.152975624201373492e-08
3.640000000000158734e-03	2.208630873350026772e-07
3.680000000000164043e-03	3.760773910679380531e-07
3.720000000000169352e-03	4.865421992867095327e-07
3.760000000000174661e-03	5.538289609319960854e-07
3.800000000000179970e-03	5.951425147366454776e-07
3.840000000000185279e-03	6.117660461829478753e-07
3.880000000000190588e-03	6.041961739801599094e-07
3.920000000000195897e-03	5.805535029428684703e-07
3.960000000000201206e-03	5.346724112471811748e-07
4.000000000000206515e-03	4.584214879626336669e-07
4.040000000000211824e-03	4.152320527530528142e-07
4.080000000000217134e-03	4.052156668453901530e-07
4.120000000000222443e-03	4.482856325887770849e-07
4.160000000000227752e-03	5.007349080769461941e-07
4.200000000000233061e-03	5.522650123149097168e-07
4.240000000000238370e-03	5.515199098866134655e-07
4.280000000000243679e-03	4.837037976444739444e-07
4.320000000000248988e-03	4.196645026602851180e-07
4.360000000000254297e-03	3.571300063677778321e-07
4.400000000000259606e-03	3.451695174935034788e-07
4.440000000000264915e-03	3.598255443118328459e-07
4.480000000000270224e-03	3.965111949951050383e-07
4.520000000000275533e-03	4.236901105241269208e-07
4.560000000000280843e-03	4.272922932784536273e-07
4.600000000000286152e-03	4.184921994833728709e-07
4.640000000000291461e-03	3.658094203842643101e-07
4.680000000000296770e-03	3.146809628325284659e-07
4.720000000000302079e-03	2.421220610199059744e-07
4.760000000000307388e-03	1.684937390288498158e-07
4.800000000000312697e-03	8.901527525917618509e-08
4.840000000000318006e-03	9.577787972780870919e-09
4.880000000000323315e-03	-4.330704216072446081e-08
4.920000000000328624e-03	-7.474518189333303216e-08
4.960000000000333933e-03	-1.045305622720636979e-07
5.000000000000339243e-03	-1.347769435855711825e-07
5.040000000000344552e-03	-1.611893185364449348e-07
5.080000000000349861e-03	-2.009070813142612569e-07
5.120000000000355170e-03	-2.462929907571604328e-07
5.160000000000360479e-03	-2.883233572990132498e-07
5.200000000000365788e-03	-3.271883508765311380e-07
5.240000000000371097e-03	-3.487155381332740984e-07
5.280000000000376406e-03	-3.612856843984789095e-07
5.320000000000381715e-03	-3.559292526943832351e-07
5.360000000000387024e-03	-3.384129813101649214e-07
5.400000000000392333e-03	-3.020014706192530986e-07
5.440000000000397642e-03	-2.752186004886977790e-07
5.480000000000402952e-03	-2.637242030662501342e-07
5.520000000000408261e-03	-2.869744516118571421e-07
5.560000000000413570e-03	-3.079094994763435807e-07
5.600000000000418879e-03	-3.485796346502310468e-07
5.640000000000424188e-03	-3.823042621195517960e-07
5.680000000000429497e-03	-3.758803345660162099e-07
5.720000000000434806e-03	-3.477176351062141100e-07
5.760000000000440115e-03	-2.901911246892139612e-07
5.800000000000445424e-03	-2.159518220777480325e-07
5.840000000000450733e-03	-1.303183196989002075e-07
5.880000000000456042e-03	-2.779639875485633116e-08
5.920000000000461352e-03	4.626615824565742469e-08
5.960000000000466661e-03	1.154795154192370382e-07
6.000000000000471970e-03	1.570205268778198302e-07
6.040000000000477279e-03	1.838829488340715461e-07
6.080000000000482588e-03	2.016585398607691892e-07
6.120000000000487897e-03	2.176665808178991676e-07
6.160000000000493206e-03	2.378457702979140712e-07
6.200000000000498515e-03	2.440230734298131718e-07
6.240000000000503824e-03	2.447247725203799151e-07
6.280000000000509133e-03	2.258306128405010802e-07
6.320000000000514442e-03	1.996900706811688606e-07
6.360000000000519751e-03	1.830031386514718451e-07
6.400000000000525061e-03	1.724741698529165612e-07
6.440000000000530370e-03	1.986394822599598222e-07
6.480000000000535679e-03	2.087609875708922174e-07
6.520000000000540988e-03	2.176247800663143559e-07
6.560000000000546297e-03	1.989051335571109330e-07
6.600000000000551606e-03	1.680526389294092438e-07
6.640000000000556915e-03	1.159959255704159363e-07
6.680000000000562224e-03	6.611379751253100435e-08
6.720000000000567533e-03	3.739170448445345308e-08
6.760000000000572842e-03	-7.669541337106670014e-09
6.800000000000578151e-03	-3.921957807981267963e-08
6.840000000000583461e-03	-7.741586061966894056e-08
6.880000000000588770e-03	-1.140465205703000915e-07
6.920000000000594079e-03	-1.385424841653477196e-07
6.960000000000599388e-03	-1.468014857838370412e-07
7.000000000000604697e-03	-1.397616323263029981e-07
