0.000000000000000000e+00	-5.031133856362134752e-31
3.999999999999998294e-05	-3.256684549523739689e-08
7.999999999999987102e-05	-2.063884106857799577e-06
1.199999999999997591e-04	-6.363308468096044573e-06
1.599999999999996607e-04	-1.371075587218547152e-05
1.999999999999995488e-04	-2.268316665284603650e-05
2.399999999999994369e-04	-3.076474505621333154e-05
2.800000000000003007e-04	-3.531722060176087201e-05
3.200000000000012730e-04	-3.397657416233891754e-05
3.600000000000022453e-04	-2.703908342897980583e-05
4.000000000000032176e-04	-1.638285970268254087e-05
4.400000000000041898e-04	-5.352370574038628912e-06
4.800000000000051621e-04	3.286281438918410711e-06
5.200000000000061344e-04	8.286399225876097215e-06
5.600000000000071067e-04	9.877694431803827612e-06
6.000000000000080790e-04	9.494554696304709617e-06
6.400000000000090512e-04	8.479679563741650167e-06
6.800000000000100235e-04	8.406293292825532822e-06
7.200000000000109958e-04	8.513978138003722106e-06
7.600000000000119681e-04	9.196384746708786254e-06
8.000000000000129403e-04	9.808271415832269942e-06
8.400000000000139126e-04	1.045484977561111656e-05
8.800000000000148849e-04	1.092059286138507001e-05
9.200000000000158572e-04	1.099427357521196183e-05
9.600000000000168295e-04	1.091930910783170748e-05
1.000000000000015200e-03	1.043118634663975593e-05
1.040000000000011835e-03	9.846985720294027785e-06
1.080000000000008471e-03	9.099664087258393488e-06
1.120000000000005106e-03	8.290330802795668644e-06
1.160000000000001742e-03	7.636405827809260701e-06
1.199999999999998377e-03	7.030180569042737229e-06
1.239999999999995012e-03	6.525871096787492283e-06
1.279999999999991648e-03	5.905099206608063236e-06
1.319999999999988283e-03	5.236858781852055934e-06
1.359999999999984919e-03	4.534246280701942019e-06
1.399999999999981554e-03	3.906492619910229447e-06
1.439999999999978190e-03	3.399358467553463840e-06
1.479999999999974825e-03	2.937785400551634905e-06
1.519999999999971461e-03	2.455691363232416268e-06
1.559999999999968096e-03	1.824619089041128499e-06
1.599999999999964732e-03	1.059525163986041737e-06
1.639999999999961367e-03	2.559224828144557773e-07
1.679999999999958003e-03	-3.900888323705162648e-07
1.719999999999954638e-03	-7.909498969524812089e-07
1.759999999999951274e-03	-9.386774618743706046e-07
1.799999999999947909e-03	-9.180081032184935254e-07
1.839999999999944544e-03	-8.325118543612824056e-07
1.879999999999941180e-03	-7.558593125568720032e-07
1.919999999999937815e-03	-7.045400916247859480e-07
1.959999999999935752e-03	-6.606412654561185083e-07
1.999999999999941061e-03	-5.705107077174775259e-07
2.039999999999946370e-03	-4.647426437085122197e-07
2.079999999999951679e-03	-3.820020409348916460e-07
2.119999999999956988e-03	-2.761362214675676259e-07
2.159999999999962297e-03	-2.394603586172675078e-07
2.199999999999967606e-03	-2.071705500395901395e-07
2.239999999999972916e-03	-2.728377843627457325e-07
2.279999999999978225e-03	-4.022529880940751634e-07
2.319999999999983534e-03	-6.450586719387871332e-07
2.359999999999988843e-03	-9.268914284788756904e-07
2.399999999999994152e-03	-1.150865911909495458e-06
2.439999999999999461e-03	-1.355974556498340447e-06
2.480000000000004770e-03	-1.380267366475431690e-06
2.520000000000010079e-03	-1.330933912454221653e-06
2.560000000000015388e-03	-1.222010110044449904e-06
2.600000000000020697e-03	-1.098898739094179216e-06
2.640000000000026006e-03	-9.708078692618381546e-07
2.680000000000031316e-03	-8.286069325742123644e-07
2.720000000000036625e-03	-6.615504274081557479e-07
2.760000000000041934e-03	-4.466144386661180442e-07
2.800000000000047243e-03	-2.392567708008157814e-07
2.840000000000052552e-03	-8.854924529184595275e-08
2.880000000000057861e-03	-4.789929898822353913e-08
2.920000000000063170e-03	-9.629195062299809634e-08
2.960000000000068479e-03	-1.590967572636639696e-07
3.000000000000073788e-03	-2.124582838595240130e-07
3.040000000000079097e-03	-1.994681150828298862e-07
3.080000000000084406e-03	-1.800803582079547778e-07
3.120000000000089715e-03	-1.708970967135001114e-07
3.160000000000095025e-03	-1.894772260222594658e-07
3.200000000000100334e-03	-2.860576140680159870e-07
3.240000000000105643e-03	-3.885066356562015582e-07
3.280000000000110952e-03	-5.008723063354328408e-07
3.320000000000116261e-03	-5.861470994551947145e-07
3.360000000000121570e-03	-6.304184826752357684e-07
3.400000000000126879e-03	-6.306093633150517066e-07
3.440000000000132188e-03	-5.739283616867113041e-07
3.480000000000137497e-03	-4.728147357268006774e-07
3.520000000000142806e-03	-3.436273875704571137e-07
3.560000000000148115e-03	-1.777034191217362611e-07
3.600000000000153424e-03	-3.116911739016966028e-08
3.640000000000158734e-03	8.286261803803638134e-08
3.680000000000164043e-03	1.509398231597495868e-07
3.720000000000169352e-03	1.708033157289266985e-07
3.760000000000174661e-03	1.733496768327479117e-07
3.800000000000179970e-03	1.637372327243589392e-07
3.840000000000185279e-03	1.581763444471527198e-07
3.880000000000190588e-03	1.993244834796568616e-07
3.920000000000195897e-03	2.487900132798273799e-07
3.960000000000201206e-03	3.298630648767985463e-07
4.000000000000206515e-03	3.948808851624324184e-07
4.040000000000211824e-03	4.653621089194858722e-07
4.080000000000217134e-03	5.218081573487208936e-07
4.120000000000222443e-03	6.048670862511245762e-07
4.160000000000227752e-03	6.780362024792127435e-07
4.200000000000233061e-03	7.181547460721392742e-07
4.240000000000238370e-03	7.250152324438981297e-07
4.280000000000243679e-03	6.718122343819296797e-07
4.320000000000248988e-03	5.657095659562416578e-07
4.360000000000254297e-03	4.182545917276326493e-07
4.400000000000259606e-03	2.827473966406308615e-07
4.440000000000264915e-03	1.996381650636690516e-07
4.480000000000270224e-03	1.615473887421115206e-07
4.520000000000275533e-03	1.968470967869792045e-07
4.560000000000280843e-03	2.675420710247800752e-07
4.600000000000286152e-03	3.125349126196869062e-07
4.640000000000291461e-03	3.493121602605316077e-07
4.680000000000296770e-03	3.618862978146252888e-07
4.720000000000302079e-03	3.268826740306429900e-07
4.760000000000307388e-03	2.557892894183630238e-07
4.800000000000312697e-03	1.557626330822221321e-07
4.840000000000318006e-03	3.534273117825270824e-08
4.880000000000323315e-03	-1.082716568907892808e-07
4.920000000000328624e-03	-2.408565564013360703e-07
4.960000000000333933e-03	-3.533994053502961799e-07
5.000000000000339243e-03	-4.051739862491372990e-07
5.040000000000344552e-03	-4.241704492926363903e-07
5.080000000000349861e-03	-4.044566240244587042e-07
5.120000000000355170e-03	-3.638856095915091711e-07
5.160000000000360479e-03	-3.090926831945711594e-07
5.200000000000365788e-03	-2.495626252573718203e-07
5.240000000000371097e-03	-1.830547937755768083e-07
5.280000000000376406e-03	-1.009389011955012522e-07
5.320000000000381715e-03	-2.992932554435622269e-08
5.360000000000387024e-03	2.143115942858184599e-08
5.400000000000392333e-03	2.822009940376072950e-08
5.440000000000397642e-03	4.067636241879533465e-09
5.480000000000402952e-03	-5.003013623229336841e-08
5.520000000000408261e-03	-9.681206489552123003e-08
5.560000000000413570e-03	-1.190125269187142977e-07
5.600000000000418879e-03	-1.182725102824116230e-07
5.640000000000424188e-03	-1.146212516460593474e-07
5.680000000000429497e-03	-9.846721671520999739e-08
5.720000000000434806e-03	-8.656787524352113311e-08
5.760000000000440115e-03	-8.490621573845572959e-08
5.800000000000445424e-03	-8.021240262798050570e-08
5.840000000000450733e-03	-6.988272464097814973e-08
5.880000000000456042e-03	-5.182214072863905342e-08
5.920000000000461352e-03	-4.048690235780837486e-08
5.960000000000466661e-03	-1.537430783994686266e-08
6.000000000000471970e-03	-3.246968520748857394e-09
6.040000000000477279e-03	1.280018660079494908e-08
6.080000000000482588e-03	6.130846319234162859e-08
6.120000000000487897e-03	1.005633726775004656e-07
6.160000000000493206e-03	1.508157054062306824e-07
6.200000000000498515e-03	1.745222089211521611e-07
6.240000000000503824e-03	1.852811630060752501e-07
6.280000000000509133e-03	1.809932296380208393e-07
6.320000000000514442e-03	1.624889700387704090e-07
6.360000000000519751e-03	1.399149481251069144e-07
6.400000000000525061e-03	1.337128500381078397e-07
6.440000000000530370e-03	1.209162873823474739e-07
6.480000000000535679e-03	9.702797665609915374e-08
6.520000000000540988e-03	6.372867500463863042e-08
6.560000000000546297e-03	3.513981815573808881e-08
6.600000000000551606e-03	3.872901976462482562e-09
6.640000000000556915e-03	4.007006847308120639e-09
6.680000000000562224e-03	2.651747287896525893e-08
6.720000000000567533e-03	6.106336966404385106e-08
6.760000000000572842e-03	1.043087178301211043e-07
6.800000000000578151e-03	1.235956634012132612e-07
6.840000000000583461e-03	1.414659429106882465e-07
6.880000000000588770e-03	1.395445197213430504e-07
6.920000000000594079e-03	1.220550662704873899e-07
6.960000000000599388e-03	9.775741574047080571e-08
7.000000000000604697e-03	6.145919568076024794e-08
