0.000000000000000000e+00	-1.757252348663142796e-30
3.999999999999998294e-05	-2.694375861522290466e-08
7.999999999999987102e-05	-2.057484165136173085e-06
1.199999999999997591e-04	-6.337220031066206211e-06
1.599999999999996607e-04	-1.367981723955798914e-05
1.999999999999995488e-04	-2.266491354371626561e-05
2.399999999999994369e-04	-3.085359207962041632e-05
2.800000000000003007e-04	-3.546276290782637017e-05
3.200000000000012730e-04	-3.407235587174615619e-05
3.600000000000022453e-04	-2.709638877315578135e-05
4.000000000000032176e-04	-1.637542482963481744e-05
4.400000000000041898e-04	-5.404642806972974414e-06
4.800000000000051621e-04	3.091973581461679105e-06
5.200000000000061344e-04	7.947146772251242200e-06
5.600000000000071067e-04	9.389760762279210056e-06
6.000000000000080790e-04	9.047219251812687476e-06
6.400000000000090512e-04	8.200690831289330769e-06
6.800000000000100235e-04	8.470642335473265041e-06
7.200000000000109958e-04	8.776238074836222879e-06
7.600000000000119681e-04	9.618708219345004329e-06
8.000000000000129403e-04	1.023667501058403044e-05
8.400000000000139126e-04	1.071307077513910012e-05
8.800000000000148849e-04	1.099663452868124889e-05
9.200000000000158572e-04	1.086894826615094020e-05
9.600000000000168295e-04	1.066767510165671623e-05
1.000000000000015200e-03	1.002411010522859048e-05
1.040000000000011835e-03	9.371964713286296729e-06
1.080000000000008471e-03	8.477843796179770471e-06
1.120000000000005106e-03	7.589116527749779403e-06
1.160000000000001742e-03	6.861891181561843293e-06
1.199999999999998377e-03	6.221849693318814767e-06
1.239999999999995012e-03	5.814719580616232433e-06
1.279999999999991648e-03	5.509322669953737807e-06
1.319999999999988283e-03	5.387590644602528666e-06
1.359999999999984919e-03	5.245397444039224658e-06
1.399999999999981554e-03	5.081500033057757464e-06
1.439999999999978190e-03	4.800437688414744754e-06
1.479999999999974825e-03	4.295327236533365101e-06
1.519999999999971461e-03	3.580633301854332742e-06
1.559999999999968096e-03	2.631121955934399541e-06
1.599999999999964732e-03	1.651059338967788978e-06
1.639999999999961367e-03	6.865929280807424523e-07
1.679999999999958003e-03	-4.257792399455665668e-08
1.719999999999954638e-03	-6.318670646794615572e-07
1.759999999999951274e-03	-1.094886651612363376e-06
1.799999999999947909e-03	-1.433004488324225851e-06
1.839999999999944544e-03	-1.734996777360667866e-06
1.879999999999941180e-03	-1.914651488694828174e-06
1.919999999999937815e-03	-1.910335698507033344e-06
1.959999999999935752e-03	-1.679427255316360711e-06
1.999999999999941061e-03	-1.327273497471589490e-06
2.039999999999946370e-03	-9.760480106855312292e-07
2.079999999999951679e-03	-7.330480872940640695e-07
2.119999999999956988e-03	-6.068466110859401211e-07
2.159999999999962297e-03	-6.280458806343598612e-07
2.199999999999967606e-03	-6.929122944495175120e-07
2.239999999999972916e-03	-7.351145430203153293e-07
2.279999999999978225e-03	-6.895883488482373345e-07
2.319999999999983534e-03	-5.725898550858076908e-07
2.359999999999988843e-03	-4.376906213595992879e-07
2.399999999999994152e-03	-2.579237161930398702e-07
2.439999999999999461e-03	-7.004654409698935416e-08
2.480000000000004770e-03	1.388834862081747610e-07
2.520000000000010079e-03	3.265593404056197480e-07
2.560000000000015388e-03	4.624709610875953596e-07
2.600000000000020697e-03	5.870971734881027078e-07
2.640000000000026006e-03	6.056334661633356170e-07
2.680000000000031316e-03	5.613604674819121877e-07
2.720000000000036625e-03	4.107609097557786158e-07
2.760000000000041934e-03	1.555191785810799956e-07
2.800000000000047243e-03	-1.360798340722155591e-07
2.840000000000052552e-03	-4.979818570924136001e-07
2.880000000000057861e-03	-8.089005105934431886e-07
2.920000000000063170e-03	-1.050204656839787503e-06
2.960000000000068479e-03	-1.135542140683242553e-06
3.000000000000073788e-03	-1.114772420414968442e-06
3.040000000000079097e-03	-1.018538043887323243e-06
3.080000000000084406e-03	-8.858390078841358435e-07
3.120000000000089715e-03	-7.743422551465259117e-07
3.160000000000095025e-03	-6.757781818960683193e-07
3.200000000000100334e-03	-6.372040210438939781e-07
3.240000000000105643e-03	-6.291022076754302137e-07
3.280000000000110952e-03	-6.491468205648728968e-07
3.320000000000116261e-03	-6.730817747538038612e-07
3.360000000000121570e-03	-6.702967827254883119e-07
3.400000000000126879e-03	-6.516161154283522344e-07
3.440000000000132188e-03	-5.726982172936638119e-07
3.480000000000137497e-03	-4.631223298216890979e-07
3.520000000000142806e-03	-3.408514829531487724e-07
3.560000000000148115e-03	-2.184865754513129018e-07
3.600000000000153424e-03	-1.050529498971294616e-07
3.640000000000158734e-03	6.732191007075315013e-09
3.680000000000164043e-03	9.375145835186555688e-08
3.720000000000169352e-03	1.532306257712966547e-07
3.760000000000174661e-03	1.633731034164703966e-07
3.800000000000179970e-03	1.305069896270769188e-07
3.840000000000185279e-03	9.546220907331164314e-08
3.880000000000190588e-03	3.935465640346608563e-08
3.920000000000195897e-03	3.020877156791551961e-08
3.960000000000201206e-03	3.553067419251211066e-08
4.000000000000206515e-03	6.478852239856934013e-08
4.040000000000211824e-03	8.635308003882991408e-08
4.080000000000217134e-03	1.027445370978988761e-07
4.120000000000222443e-03	1.577972005506418032e-07
4.160000000000227752e-03	2.346364389299628311e-07
4.200000000000233061e-03	3.760002370434353116e-07
4.240000000000238370e-03	5.153518114443345026e-07
4.280000000000243679e-03	6.236059379656756764e-07
4.320000000000248988e-03	6.862516423317662036e-07
4.360000000000254297e-03	6.426627437583940824e-07
4.400000000000259606e-03	5.885850046970305995e-07
4.440000000000264915e-03	4.934539871208901025e-07
4.480000000000270224e-03	4.420746213457923280e-07
4.520000000000275533e-03	4.269053796148264039e-07
4.560000000000280843e-03	4.097173808614756174e-07
4.600000000000286152e-03	4.163723428195620153e-07
4.640000000000291461e-03	3.799036036890392276e-07
4.680000000000296770e-03	3.589078969847797944e-07
4.720000000000302079e-03	3.344645305841404034e-07
4.760000000000307388e-03	3.192102458447799451e-07
4.800000000000312697e-03	2.648123863238953668e-07
4.840000000000318006e-03	2.045545307911666345e-07
4.880000000000323315e-03	1.143048912992278536e-07
4.920000000000328624e-03	1.848314697252688143e-08
4.960000000000333933e-03	-5.289898148729960301e-08
5.000000000000339243e-03	-9.567297245377218956e-08
5.040000000000344552e-03	-8.745050756818089159e-08
5.080000000000349861e-03	-5.897024031545481771e-08
5.120000000000355170e-03	-4.341461027399176915e-08
5.160000000000360479e-03	-2.630268423924593747e-08
5.200000000000365788e-03	-3.163603788688141513e-08
5.240000000000371097e-03	-1.536759686134355827e-08
5.280000000000376406e-03	-1.163030820538402387e-08
5.320000000000381715e-03	-2.800219155523081778e-08
5.360000000000387024e-03	-5.897342636035038609e-08
5.400000000000392333e-03	-1.158825230315299640e-07
5.440000000000397642e-03	-1.775510475525875771e-07
5.480000000000402952e-03	-2.136458627747404671e-07
5.520000000000408261e-03	-2.342623562938006615e-07
5.560000000000413570e-03	-2.095187352212625849e-07
5.600000000000418879e-03	-1.620289824465680671e-07
5.640000000000424188e-03	-1.239908510843682440e-07
5.680000000000429497e-03	-1.108757386889524147e-07
5.720000000000434806e-03	-9.978704970986939273e-08
5.760000000000440115e-03	-8.205776584152147643e-08
5.800000000000445424e-03	-6.040149515201429814e-08
5.840000000000450733e-03	-1.654129618164830077e-08
5.880000000000456042e-03	3.231022711137250331e-08
5.920000000000461352e-03	7.599412080227635890e-08
5.960000000000466661e-03	6.738361969652428230e-08
6.000000000000471970e-03	5.427683571868603565e-08
6.040000000000477279e-03	3.268760389946304637e-08
6.080000000000482588e-03	3.615641829209503422e-09
6.120000000000487897e-03	-1.245231567544612056e-08
6.160000000000493206e-03	-6.723364603969610448e-09
6.200000000000498515e-03	1.917572425934752116e-09
6.240000000000503824e-03	1.583278332142931257e-09
6.280000000000509133e-03	-6.835576023201344209e-10
6.320000000000514442e-03	-2.796340205660001813e-08
6.360000000000519751e-03	-3.736165737165787454e-08
6.400000000000525061e-03	-4.686462648966214634e-08
6.440000000000530370e-03	-7.519324655828633347e-08
6.480000000000535679e-03	-9.129011376236442570e-08
6.520000000000540988e-03	-1.074576920916167143e-07
6.560000000000546297e-03	-8.042277881698655145e-08
6.600000000000551606e-03	-5.636179677266879463e-08
6.640000000000556915e-03	-2.501019837518597856e-08
6.680000000000562224e-03	8.869182668410612857e-09
6.720000000000567533e-03	4.157346918216063425e-08
6.760000000000572842e-03	5.043497124372330346e-08
6.800000000000578151e-03	3.688319628448904813e-08
6.840000000000583461e-03	1.604779068636566828e-08
6.880000000000588770e-03	-1.040443706749739120e-09
6.920000000000594079e-03	4.477040422985435750e-09
6.960000000000599388e-03	6.158921625113738335e-09
7.000000000000604697e-03	2.945976730791540447e-08
