0.000000000000000000e+00	-1.003992464051388250e-30
3.999999999999998294e-05	-2.743421146747291469e-08
7.999999999999987102e-05	-2.056640655109075522e-06
1.199999999999997591e-04	-6.338674145185406720e-06
1.599999999999996607e-04	-1.367845389882542327e-05
1.999999999999995488e-04	-2.261726672478715476e-05
2.399999999999994369e-04	-3.069251983582222559e-05
2.800000000000003007e-04	-3.499899945805828622e-05
3.200000000000012730e-04	-3.337423074789118156e-05
3.600000000000022453e-04	-2.613791611312571534e-05
4.000000000000032176e-04	-1.532007139965454914e-05
4.400000000000041898e-04	-4.350974166761368298e-06
4.800000000000051621e-04	4.009142869136917632e-06
5.200000000000061344e-04	8.535195828804686955e-06
5.600000000000071067e-04	9.555781373638906932e-06
6.000000000000080790e-04	8.638564509412186219e-06
6.400000000000090512e-04	7.203970553648899435e-06
6.800000000000100235e-04	6.799222446730207150e-06
7.200000000000109958e-04	6.637027125506875713e-06
7.600000000000119681e-04	7.153709690644110117e-06
8.000000000000129403e-04	7.652848802853850314e-06
8.400000000000139126e-04	8.272913270822361510e-06
8.800000000000148849e-04	8.697902803047868672e-06
9.200000000000158572e-04	8.864192670999451938e-06
9.600000000000168295e-04	8.938929837879358058e-06
1.000000000000015200e-03	8.778336302679326414e-06
1.040000000000011835e-03	8.650340887659641078e-06
1.080000000000008471e-03	8.424131830058657035e-06
1.120000000000005106e-03	8.160772985973940096e-06
1.160000000000001742e-03	7.955034087713994299e-06
1.199999999999998377e-03	7.633709471918866015e-06
1.239999999999995012e-03	7.422129881163940608e-06
1.279999999999991648e-03	7.212677389328927909e-06
1.319999999999988283e-03	7.007650127255197346e-06
1.359999999999984919e-03	6.762930694610401415e-06
1.399999999999981554e-03	6.383525673707306618e-06
1.439999999999978190e-03	5.967148182379688113e-06
1.479999999999974825e-03	5.403925710123280913e-06
1.519999999999971461e-03	4.725223358314981392e-06
1.559999999999968096e-03	3.939802272646692441e-06
1.599999999999964732e-03	3.095250412677069372e-06
1.639999999999961367e-03	2.222592186798516105e-06
1.679999999999958003e-03	1.383101617900830954e-06
1.719999999999954638e-03	5.819929928587110828e-07
1.759999999999951274e-03	-1.118174885740829573e-07
1.799999999999947909e-03	-6.375707741302532453e-07
1.839999999999944544e-03	-1.056706707517409291e-06
1.879999999999941180e-03	-1.361634062261692644e-06
1.919999999999937815e-03	-1.607732652819922542e-06
1.959999999999935752e-03	-1.709372218463574897e-06
1.999999999999941061e-03	-1.707577678292187922e-06
2.039999999999946370e-03	-1.528723816123974143e-06
2.079999999999951679e-03	-1.265844090432028597e-06
2.119999999999956988e-03	-9.066678549930007612e-07
2.159999999999962297e-03	-6.279752555523868011e-07
2.199999999999967606e-03	-4.884404419446111526e-07
2.239999999999972916e-03	-4.885968509657113450e-07
2.279999999999978225e-03	-6.860660844916283889e-07
2.319999999999983534e-03	-9.418984110010736043e-07
2.359999999999988843e-03	-1.240591744025150043e-06
2.399999999999994152e-03	-1.519524219906771741e-06
2.439999999999999461e-03	-1.709151892168040811e-06
2.480000000000004770e-03	-1.800587702866763555e-06
2.520000000000010079e-03	-1.729275181875423559e-06
2.560000000000015388e-03	-1.543017785277007217e-06
2.600000000000020697e-03	-1.221508431578597258e-06
2.640000000000026006e-03	-8.940938066866619990e-07
2.680000000000031316e-03	-5.916882345116350838e-07
2.720000000000036625e-03	-4.133451257746490353e-07
2.760000000000041934e-03	-3.152816518177750611e-07
2.800000000000047243e-03	-2.334795738798226347e-07
2.840000000000052552e-03	-2.158785029008787428e-07
2.880000000000057861e-03	-1.644354256884587540e-07
2.920000000000063170e-03	-1.544613916173534369e-07
2.960000000000068479e-03	-1.393343227114219125e-07
3.000000000000073788e-03	-1.405589524972983037e-07
3.040000000000079097e-03	-1.739021600924628204e-07
3.080000000000084406e-03	-1.582337205112303379e-07
3.120000000000089715e-03	-1.780861014871819777e-07
3.160000000000095025e-03	-1.441726522655246969e-07
3.200000000000100334e-03	-1.606917908797083812e-07
3.240000000000105643e-03	-2.145344896263348146e-07
3.280000000000110952e-03	-2.659718510821934135e-07
3.320000000000116261e-03	-3.247188520435282588e-07
3.360000000000121570e-03	-3.117864437886207370e-07
3.400000000000126879e-03	-2.726415585537028156e-07
3.440000000000132188e-03	-1.785693092292017934e-07
3.480000000000137497e-03	-8.408245686115655781e-08
3.520000000000142806e-03	-2.162221943934010819e-08
3.560000000000148115e-03	-1.338790000621713587e-08
3.600000000000153424e-03	-4.204108606090049763e-08
3.640000000000158734e-03	-1.038251594789780595e-07
3.680000000000164043e-03	-1.818054806839964690e-07
3.720000000000169352e-03	-2.519397761930126560e-07
3.760000000000174661e-03	-2.929455642981782967e-07
3.800000000000179970e-03	-3.348656039006330514e-07
3.840000000000185279e-03	-3.187849936884789739e-07
3.880000000000190588e-03	-2.720633310550124361e-07
3.920000000000195897e-03	-2.094654422379289528e-07
3.960000000000201206e-03	-8.807722500419335315e-08
4.000000000000206515e-03	-3.493140242028549227e-08
4.040000000000211824e-03	2.317307844358487468e-08
4.080000000000217134e-03	3.852085574532874976e-08
4.120000000000222443e-03	6.114536124462412948e-08
4.160000000000227752e-03	9.609559540584118793e-08
4.200000000000233061e-03	1.199019870352474130e-07
4.240000000000238370e-03	1.879546975329272998e-07
4.280000000000243679e-03	2.428823901579820763e-07
4.320000000000248988e-03	3.379012446205681416e-07
4.360000000000254297e-03	4.072588429867689156e-07
4.400000000000259606e-03	5.149014458795776329e-07
4.440000000000264915e-03	6.170574038048819910e-07
4.480000000000270224e-03	7.028265691347012102e-07
4.520000000000275533e-03	7.865120182656942058e-07
4.560000000000280843e-03	8.101153843696512018e-07
4.600000000000286152e-03	7.845860230394995677e-07
4.640000000000291461e-03	7.161539106010603095e-07
4.680000000000296770e-03	6.102008639953361924e-07
4.720000000000302079e-03	4.896041084007933484e-07
4.760000000000307388e-03	3.394862984795057707e-07
4.800000000000312697e-03	2.341771004106983888e-07
4.840000000000318006e-03	1.349673514340271164e-07
4.880000000000323315e-03	7.207302991896638540e-08
4.920000000000328624e-03	2.129674751730245712e-08
4.960000000000333933e-03	-1.027286256019333223e-08
5.000000000000339243e-03	-2.731451808629452747e-08
5.040000000000344552e-03	-4.312064908713896782e-08
5.080000000000349861e-03	-4.855092978545763203e-08
5.120000000000355170e-03	-6.662495622852496472e-08
5.160000000000360479e-03	-8.893960570920398181e-08
5.200000000000365788e-03	-9.357096635865247094e-08
5.240000000000371097e-03	-8.043390220071621539e-08
5.280000000000376406e-03	-3.617309431665999756e-08
5.320000000000381715e-03	7.570309495471353584e-09
5.360000000000387024e-03	9.086789275179044056e-08
5.400000000000392333e-03	1.338523706991940850e-07
5.440000000000397642e-03	1.548570978295111205e-07
5.480000000000402952e-03	1.325847727568316800e-07
5.520000000000408261e-03	7.529416589170401113e-08
5.560000000000413570e-03	-1.323062947537953205e-08
5.600000000000418879e-03	-1.055423127000642737e-07
5.640000000000424188e-03	-1.946033465805018775e-07
5.680000000000429497e-03	-2.690276190552040617e-07
5.720000000000434806e-03	-3.249754648123406472e-07
5.760000000000440115e-03	-3.522543419584461208e-07
5.800000000000445424e-03	-3.413308756052846065e-07
5.840000000000450733e-03	-3.124338785592794284e-07
5.880000000000456042e-03	-2.509114775629510396e-07
5.920000000000461352e-03	-2.067922127069813081e-07
5.960000000000466661e-03	-1.523417530895586258e-07
6.000000000000471970e-03	-9.717082709771599537e-08
6.040000000000477279e-03	-6.272500698462525328e-08
6.080000000000482588e-03	-1.847895420117417447e-08
6.120000000000487897e-03	8.978691125124368350e-09
6.160000000000493206e-03	4.541807798992233469e-08
6.200000000000498515e-03	6.160873647576910353e-08
6.240000000000503824e-03	6.778489133879440801e-08
6.280000000000509133e-03	6.511560141380099985e-08
6.320000000000514442e-03	4.851927059716342178e-08
6.360000000000519751e-03	4.258200788471726042e-08
6.400000000000525061e-03	4.680282319701114714e-08
6.440000000000530370e-03	5.664215195793822391e-08
6.480000000000535679e-03	7.175287932285518918e-08
6.520000000000540988e-03	8.174052498384487278e-08
6.560000000000546297e-03	1.096653463075723745e-07
6.600000000000551606e-03	9.906790497677277858e-08
6.640000000000556915e-03	1.099978154302270067e-07
6.680000000000562224e-03	9.256856752623562070e-08
6.720000000000567533e-03	7.557047491133908637e-08
6.760000000000572842e-03	5.197287195768992059e-08
6.800000000000578151e-03	2.128642506786393825e-08
6.840000000000583461e-03	1.500639204707500555e-08
6.880000000000588770e-03	-9.123721058705749137e-09
6.920000000000594079e-03	-2.008470309907715480e-08
6.960000000000599388e-03	-4.844040647004010504e-09
7.000000000000604697e-03	4.403154447982548891e-09
